step,lap_time,x,y,yaw,velocity,steering_state,commanded_steering,commanded_speed,frame_consumed,inst_nav_reward,inst_frame_penalty,inst_adaptive_reward,cumulative_nav_reward,cumulative_adaptive_reward,progress,current_fps,budget_penalty_applied
0,0.10999999999999999,0.0,0.0,0.0,0.0,0.0,0,7,True,0.0,0.1,-0.1,0.0,-0.1,0.0002180957973937914,5,False
1,0.21000000000000005,0.04022730000000001,0.0,0.0,0.9224699999999999,0.0,0,7,False,0.0,0.0,0.0,0.0,-0.1,0.00095023771772283,5,False
2,0.3100000000000001,0.17526929999999996,0.0,0.0,1.8734699999999995,0.0,-0.017085149884223938,5.7307088971138,True,0.16648364388511025,0.1,0.06648364388511024,0.16648364388511025,-0.03351635611488976,0.0023000089996859344,5,False
3,0.4100000000000002,0.4054099257854897,-0.0006046420977472552,6.279332406899867,2.8244699999999994,0.0,-0.007840900868177415,5.734168201684952,False,0.16580316000387563,0.0,0.16580316000387563,0.3322868038889859,0.13228680388898587,0.004151901976540795,5,False
4,0.5100000000000002,0.7306336597912013,-0.00398088897676173,6.269843320933468,3.775469999999999,0.0,-0.00563020408153534,5.783134311437607,True,0.16899618787255768,0.1,0.06899618787255768,0.5012829917615436,0.20128299176154354,0.006507678635314001,5,False
5,0.6100000000000003,1.1460226860817373,-0.011593117873715992,6.258872891112238,4.54947363157311,0.0,0.04927881062030792,5.994466006755829,False,0.19909425642015066,0.0,0.19909425642015066,0.7003772481816942,0.4003772481816942,0.009236446394302152,5,False
6,0.7100000000000004,1.6281550041557586,-0.022349101598715476,6.2688151778229315,5.106722679019848,0.064,0.04745641946792603,5.99929279088974,True,0.19787515661221092,0.1,0.09787515661221091,0.8982524047939051,0.4982524047939051,0.012184449117196869,5,False
7,0.8100000000000005,2.1556726580068797,-0.02316945145806233,0.03502590795235595,5.450934768413074,0.064,-0.0226045623421669,5.985746741294861,False,0.18188906454778125,0.0,0.18188906454778125,1.0801414693416864,0.6801414693416863,0.015319825096549625,5,False
8,0.9100000000000006,2.7105637261973485,-0.00523414319080509,0.06659935208364208,5.657180467400795,0.0,-0.0029530204832553864,5.999998211860657,True,0.19310782635057536,0.1,0.09310782635057535,1.2732492956922619,0.7732492956922616,0.018548337366028483,5,False
9,1.0100000000000007,3.282120670306285,0.021802281039316924,0.043734768724428975,5.789385221438989,0.0,-0.008621932566165924,5.999997615814209,False,0.1918841354998328,0.0,0.1918841354998328,1.4651334311920947,0.9651334311920945,0.021803256766520254,5,False
10,1.1100000000000008,3.864558207519929,0.04536339390389002,0.01997740869562881,5.870606104096746,0.0,-0.0006004693917930127,5.999999701976776,True,0.19364843284310362,0.1,0.09364843284310362,1.6587818640351983,1.058781864035198,0.025096724745872014,5,False
11,1.2100000000000009,4.453893654196679,0.05917251908572184,6.281541604614159,5.920505647099687,0.0,0.017080892622470856,5.999999850988388,False,0.19762066515019272,0.0,0.19762066515019272,1.8564025291853912,1.2564025291853906,0.02841367015340364,5,False
12,1.310000000000001,5.047430168170863,0.06321560398084647,6.277359951599122,5.951161912250507,0.0,0.019381205737590793,5.999998211860657,True,0.19965403803477128,0.1,0.09965403803477127,2.0560565672201623,1.3560565672201619,0.03174455438891724,5,False
13,1.410000000000001,5.64346090570101,0.06616617572382015,0.018084819774257518,5.969995216775826,0.0,0.01121836081147194,6.0,False,0.19554374810491118,0.0,0.19554374810491118,2.2516003153250734,1.551600315325073,0.03511787189166721,5,False
14,1.5100000000000011,6.240929391662224,0.07658089474691954,0.042330764746402044,5.98156630680902,0.0,0.011404504626989366,6.0,True,0.18799515879374287,0.1,0.08799515879374287,2.4395954741188164,1.639595474118816,0.03865886399947902,5,False
15,1.6100000000000012,6.83901633198408,0.09865917626650113,0.06514342036343347,5.988675104161879,0.0,-0.12048012018203735,6.0,False,0.1888258821075049,0.0,0.1888258821075049,2.6284213562263212,1.8284213562263207,0.041903580341394395,5,False
16,1.7100000000000013,7.437334705418914,0.12878522022635483,0.0390551720334711,5.993042454140061,-0.128,-0.18090434074401857,6.0,True,0.18172214925126623,0.1,0.08172214925126622,2.8101435054775874,1.910143505477587,0.04518423109025864,5,False
17,1.8100000000000014,8.036532441914277,0.1297615544591341,6.133276932730183,5.995725572659996,-0.192,-0.0634436845779419,6.0,False,0.19728246534357954,0.0,0.19728246534357954,3.007425970821167,2.1074259708211667,0.04864110696857674,5,False
18,1.9100000000000015,8.630010044030268,0.04860346387057783,5.909103452333029,5.99737396929136,-0.064,-0.0980829417705536,5.997535347938538,True,0.17663603968730351,0.1,0.07663603968730351,3.1840620105084705,2.18406201050847,0.05193976339020406,5,False
19,2.010000000000001,9.203714487895583,-0.12413110703663956,5.797716472477955,5.9974362035972035,-0.128,0.13097691535949707,6.0,False,0.17715686530796299,0.0,0.17715686530796299,3.3612188758164336,2.361218875816433,0.05545894980694404,5,False
20,2.109999999999999,9.747203787079059,-0.37696158819096615,5.684069513273273,5.998424909923855,0.128,0.0533267617225647,5.999999105930328,True,0.1844881916431849,0.1,0.08448819164318488,3.5457070674596185,2.445707067459618,0.058395114595301965,5,False
21,2.209999999999997,10.273404982446625,-0.6649669169782109,5.79171137737312,5.999031985255302,0.064,0.12220549583435059,5.999949038028717,False,0.19538195824952523,0.0,0.19538195824952523,3.741089025709144,2.6410890257091433,0.06173913205118775,5,False
22,2.3099999999999947,10.806229200767932,-0.9403941288525974,5.910316853140317,5.9993856388753635,0.128,0.1049688220024109,5.986244589090347,True,0.19120628529181735,0.1,0.09120628529181735,3.9322953110009613,2.7322953110009607,0.06532422159718455,5,False
23,2.4099999999999926,11.362071489628791,-1.1633103889742247,6.074887729179211,5.987838293539097,0.128,0.04421548843383789,5.941838830709457,False,0.188678141953385,0.0,0.188678141953385,4.120973452954346,2.9209734529543456,0.06844426208000397,5,False
24,2.5099999999999905,11.939450374708064,-1.3105880517686197,6.219754072539391,5.947417498300784,0.064,-0.012938117980957032,5.999999850988388,True,0.14442040708137707,0.1,0.04442040708137707,4.265393860035723,2.965393860035723,0.07215528908151989,5,False
25,2.6099999999999883,12.529836866416593,-1.3886085200003295,6.262542735894387,5.9676954364068395,0.0,-0.05436180233955384,6.0,False,0.10508093630703506,0.0,0.10508093630703506,4.370474796342758,3.070474796342758,0.07527146314788463,5,False
26,2.709999999999986,13.125547500187846,-1.4330649379482374,6.218323862110444,5.980153417223655,-0.064,-0.09205013513565063,5.119547009468079,True,0.16265597356418657,0.1,0.06265597356418656,4.533130769906944,3.1331307699069444,0.07817651941855985,5,False
27,2.809999999999984,13.682107920219426,-1.4823257624468558,6.096231193190222,5.2549706814673165,-0.064,-0.09878579378128052,4.529691323637962,False,0.15377354196541645,0.0,0.15377354196541645,4.686904311872361,3.2869043118723607,0.08080264343154514,5,False
28,2.909999999999982,14.163394010255814,-1.5705265616487278,5.885507099058136,4.630170648553211,-0.128,-0.1943919062614441,4.9093418419361115,True,0.1644093012164916,0.1,0.0644093012164916,4.851313613088853,3.3513136130888523,0.08340347476350579,5,False
29,3.00999999999998,14.598918010996499,-1.7401337332164235,5.708125656405455,4.737830650266035,-0.192,-0.049153763055801394,5.032229036092758,False,0.12269564134859728,0.0,0.12269564134859728,4.97400925443745,3.4740092544374495,0.08633320072917632,5,False
30,3.1099999999999777,15.000691314435525,-2.0004725914074295,5.531274636766537,4.851362889528581,-0.064,-0.17482715845108032,4.737674653530121,True,0.15992106442820295,0.1,0.05992106442820294,5.133930318865653,3.5339303188656523,0.08867654084402045,5,False
31,3.2099999999999755,15.360291242567639,-2.3162876755374753,5.414444378042043,4.751462398835508,-0.192,-0.1441434144973755,5.196652919054031,False,0.11819415708266229,0.0,0.11819415708266229,5.252124475948316,3.6521244759483147,0.09147124746245015,5,False
32,3.3099999999999734,15.667581587803804,-2.688967354655714,5.236681339226602,4.923146345121189,-0.128,-0.25203216075897217,5.76234957575798,True,0.035502231982755955,0.1,-0.06449776801724405,5.2876267079310715,3.5876267079310704,0.09442564518433885,10,False
33,3.4099999999999713,15.923147716270643,-3.127528404250468,5.076786913711665,5.24677794963221,-0.256,-0.12531588077545167,6.0,True,0.03833611272945692,0.1,-0.06166388727054309,5.3259628206605285,3.5259628206605274,0.09755215596102233,5,False
34,3.509999999999969,16.10833451121224,-3.632901503689586,4.8674156607536405,5.5372516415990995,-0.128,0.011687953770160676,5.999955892562866,False,0.019943715881150598,0.0,0.019943715881150598,5.345906536541679,3.5459065365416778,0.10073514995364691,5,False
35,3.609999999999967,16.22047583422575,-4.183732272588317,4.780083026419978,5.715689609527138,0.0,-0.15515432357788086,5.430986642837524,True,0.07118312071883032,0.1,-0.02881687928116969,5.417089657260509,3.517089657260508,0.10385681689261024,10,False
36,3.709999999999965,16.284170462113423,-4.736170419890186,4.734241475825644,5.465514507202115,-0.128,0.08199205994606018,6.0,True,0.027446246340095237,0.1,-0.07255375365990477,5.444535903600604,3.4445359036006034,0.10696608185337454,5,False
37,3.8099999999999627,16.294191777855847,-5.2925444505401105,4.618151476200868,5.671634301915951,0.064,0.11304303407669068,5.999998062849045,False,0.05013196009828402,0.0,0.05013196009828402,5.494667863698888,3.4946678636988873,0.11020382189960035,5,False
38,3.9099999999999606,16.280913109319474,-5.865752800237918,4.722651498627915,5.798264999861922,0.128,-0.06179217100143433,6.0,True,0.07598887220694613,0.1,-0.02401112779305388,5.5706567359058345,3.4706567359058336,0.11342488079889622,10,False
39,4.009999999999959,16.295863780407338,-6.449078593886021,4.845323743407602,5.876062390764692,-0.064,-0.11593221426010132,6.0,True,0.10728968181376561,0.1,0.007289681813765603,5.6779464177196,3.477946417719599,0.11682196554934544,10,False
40,4.109999999999957,16.335374048854415,-7.037697353016065,4.76262963955252,5.9238578780457,-0.128,0.11769075393676759,6.0,True,0.1585278175043234,0.1,0.0585278175043234,5.836474235223923,3.5364742352239227,0.12001971387776969,5,False
41,4.209999999999955,16.351812113666288,-7.6311914863982935,4.633047620691819,5.953221441243907,0.128,0.14802875518798828,5.999901354312897,False,0.189226952235555,0.0,0.189226952235555,6.025701187459478,3.7257011874594776,0.12329449484794654,5,False
42,4.3099999999999525,16.35238098123687,-8.227381173816038,4.764719484677674,5.971223153598481,0.128,0.11001217365264893,5.999999701976776,True,0.19460247902732908,0.1,0.09460247902732907,6.2203036664868065,3.8203036664868066,0.12661668812022475,5,False
43,4.40999999999995,16.395844453928298,-8.823131206446734,4.96493306225049,5.982320585286023,0.128,-0.12333307266235352,5.999987483024597,False,0.16240064565876267,0.0,0.16240064565876267,6.382704312145569,3.9827043121455694,0.13000007094075208,5,False
44,4.509999999999948,16.517483919996174,-9.40878768426405,5.091801015306396,5.9891336744796,-0.128,0.005187243595719338,6.0,True,0.1906797562086039,0.1,0.09067975620860388,6.573384068354173,4.073384068354173,0.1333876851077968,5,False
45,4.609999999999946,16.683142147990765,-9.984518570901093,5.00323263832869,5.9933241807061295,0.0,-0.034865674376487736,5.999997168779373,False,0.19656688163557212,0.0,0.19656688163557212,6.769950949989745,4.269950949989745,0.13683235625847173,5,False
46,4.709999999999944,16.853572589852295,-10.559226446021851,4.9692445938033325,5.9958975619303505,-0.064,-0.006479813158512116,5.999998062849045,True,0.1920515894772267,0.1,0.09205158947722669,6.962002539466972,4.362002539466972,0.1401420892274361,5,False
47,4.809999999999942,17.006010912576233,-11.139161694755748,4.915108735517782,5.997478885313257,0.0,0.004885783046483994,5.999503791332245,False,0.18998136501091162,0.0,0.18998136501091162,7.151983904477883,4.551983904477884,0.14347870187803236,5,False
48,4.90999999999994,17.13942683687706,-11.723906812381767,4.908354688901559,5.998259773136356,0.0,-0.06507299542427063,5.20996755361557,True,0.11542678427927006,0.1,0.01542678427927005,7.2674106887571535,4.567410688757153,0.14667862172898632,5,False
49,5.009999999999938,17.253460805813752,-12.274414911306167,4.878974834935803,5.324997801557492,-0.064,-0.11517266035079957,5.964988082647324,False,0.17837505356799652,0.0,0.17837505356799652,7.44578574232515,4.7457857423251495,0.14976460263964148,5,False
50,5.1099999999999355,17.334719486325184,-12.812775918387027,4.768459731434029,5.571804622574372,-0.128,-0.24566569328308108,5.8689112067222595,True,0.12634402598784272,0.1,0.026344025987842717,7.572129768312992,4.772129768312992,0.15288848058910615,10,False
51,5.209999999999933,17.36194494392662,-13.374467675447505,4.5889158965189205,5.686381255538009,-0.256,0.20073769092559815,6.0,True,0.17220074351291864,0.1,0.07220074351291864,7.744330511825911,4.844330511825911,0.15591728546066908,5,False
52,5.309999999999931,17.28953094704232,-13.943534460578391,4.326517291390923,5.807325663006448,0.0,0.3992516040802002,5.999940246343613,False,0.15748253032115897,0.0,0.15748253032115897,7.9018130421470705,5.00181304214707,0.15929089688706718,5,False
53,5.409999999999929,17.133356486985747,-14.506518430202076,4.379958531108832,5.881605842564775,0.32000000000000006,0.18979833126068116,5.432347267866135,True,0.12696656263040257,0.1,0.026966562630402563,8.028779604777473,5.028779604777473,0.16244200944223502,10,False
54,5.509999999999927,17.020064804642647,-15.058070031970866,4.859345962871814,5.486831909568991,0.192,0.12406525611877442,6.0,True,0.1879935810154642,0.1,0.0879935810154642,8.216773185792936,5.116773185792937,0.1647360169057603,5,False
55,5.609999999999925,17.052772002175754,-15.613636693071584,5.089624800571931,5.684730828957116,0.128,-0.006030036509037018,5.999997615814209,False,0.17037879000746617,0.0,0.17037879000746617,8.387151975800403,5.287151975800403,0.16798273489941537,5,False
56,5.709999999999923,17.211439528344965,-16.165121656613255,5.157753071915024,5.806310789990125,0.0,0.058873730897903445,6.0,True,0.19748582800349107,0.1,0.09748582800349107,8.584637803803895,5.384637803803894,0.17183258667084783,5,False
57,5.809999999999921,17.4280872800052,-16.707650005667773,5.153376610598921,5.881005390205622,0.064,-0.008862060308456422,6.0,False,0.187382717413551,0.0,0.187382717413551,8.772020521217446,5.572020521217445,0.17452759345361088,5,False
58,5.909999999999918,17.673780295125127,-17.24441342300961,5.184968723741118,5.926894651697974,0.0,0.02240005433559418,6.0,True,0.19359293753758444,0.1,0.09359293753758444,8.96561345875503,5.66561345875503,0.17792192486859826,5,False
59,6.009999999999916,17.933253657302277,-17.77881461334022,5.179888788361517,5.955087108906901,0.0,-0.08886618614196778,6.0,False,0.1871714592657054,0.0,0.1871714592657054,9.152784918020735,5.852784918020736,0.18109930757777198,5,False
60,6.109999999999914,18.19797600388444,-18.31319153492257,5.158468727207459,5.972407384231221,-0.064,-0.0992806375026703,5.998212903738022,True,0.19035513127929674,0.1,0.09035513127929673,9.343140049300033,5.943140049300032,0.18438626036645528,10,False
61,6.209999999999912,18.443308194995108,-18.858129908555007,5.031762494161346,5.982359063846288,-0.128,-0.0360944539308548,5.878232777118683,True,0.18677994986654728,0.1,0.08677994986654727,9.52991999916658,6.029919999166579,0.18771409059501606,5,False
62,6.30999999999991,18.63575510046656,-19.418340671920156,4.879935529178826,5.890860879827704,-0.064,0.05519556999206543,5.99983936548233,False,0.18844440586327682,0.0,0.18844440586327682,9.718364405029856,6.218364405029856,0.19117813364673927,5,False
63,6.409999999999908,18.768874933561257,-19.99412628690114,4.841167986878791,5.93288750804126,0.064,0.04107657372951508,5.999632686376572,True,0.19781307750879207,0.1,0.09781307750879206,9.916177482538648,6.316177482538648,0.19440020053758694,10,False
64,6.509999999999906,18.878365161835376,-20.578505259795644,4.913490753535067,5.958627219674211,0.064,-0.0030287960544228554,5.999247342348099,True,0.19453895841111793,0.1,0.09453895841111792,10.110716440949766,6.4107164409497654,0.1976503163149646,5,False
65,6.6099999999999035,18.999454948918743,-21.162695320287977,4.965658274805746,5.974292025285612,0.0,-0.029447036981582644,5.977509528398514,False,0.1888220084704177,0.0,0.1888220084704177,10.299538449420183,6.599538449420183,0.2011811965695983,5,False
66,6.709999999999901,19.13351290630092,-21.744948084481713,4.945650129341018,5.975532828057734,0.0,-0.004801220819354058,5.985809028148651,True,0.19309759601666565,0.1,0.09309759601666565,10.492636045436848,6.692636045436848,0.20452104321539213,5,False
67,6.809999999999899,19.267246289407556,-22.32754049683572,4.918938791933721,5.9794957574201195,0.0,0.05518148541450501,5.999999552965164,False,0.19382566011339897,0.0,0.19382566011339897,10.686461705550247,6.886461705550247,0.20786332370397054,5,False
68,6.909999999999897,19.395043174236847,-22.912069608322607,4.926468260301678,5.987402872179168,0.064,0.07297782301902771,5.999999403953552,True,0.18962213159597377,0.1,0.08962213159597376,10.87608383714622,6.976083837146221,0.21125354046329564,5,False
69,7.009999999999895,19.533728695513393,-23.49472485414255,5.01321422505397,5.9922606177652105,0.064,-0.04397605359554291,5.998969584703445,False,0.1899712196602902,0.0,0.1899712196602902,11.06605505680651,7.166055056806511,0.21474799559129906,5,False
70,7.109999999999893,19.704909628218708,-24.06903739323709,5.082831138056939,5.994847873933403,-0.064,-0.10947209596633911,5.999907314777374,True,0.1839959791524152,0.1,0.08399597915241519,11.250051035958926,7.250051035958926,0.21798365388129762,10,False
71,7.209999999999891,19.890083140590022,-24.639296169574624,4.986915256759668,5.996799004361035,-0.128,-0.15003066062927248,5.999189078807831,True,0.16892185978308927,0.1,0.06892185978308926,11.418972895742016,7.318972895742015,0.22136683945287294,10,False
72,7.309999999999889,20.040045171939223,-25.219671593408286,4.800683291331253,5.997720716289539,-0.128,0.11851632595062256,5.990079551935196,True,0.17265386851271333,0.1,0.07265386851271333,11.591626764254729,7.391626764254728,0.22472176989872383,5,False
73,7.4099999999998865,20.112668519385522,-25.814170107342775,4.642117188488219,5.991006247886004,0.128,0.23187284469604494,5.907424747943878,False,0.13782006514231737,0.0,0.13782006514231737,11.729446829397046,7.529446829397045,0.2280157738486935,5,False
74,7.509999999999884,20.14312037917225,-26.407974125522564,4.80724298990632,5.917561244682731,0.256,-0.009261197596788407,4.852180391550064,True,0.1299950513146202,0.1,0.029995051314620186,11.859441880711667,7.559441880711666,0.2311961101810279,5,False
75,7.609999999999882,20.225319054397843,-26.950721510099775,5.277140461636177,5.064957045391755,0.0,-0.39887790679931645,5.999963194131851,False,0.0009698013139088496,0.0,0.0009698013139088496,11.860411682025576,7.560411682025575,0.23396508820154038,5,False
76,7.70999999999988,20.425667155042536,-27.433893692946725,5.283782504935024,5.425534232296549,-0.256,-0.2419806718826294,5.906497150659561,True,0.02960756203706652,0.1,-0.07039243796293349,11.890019244062643,7.490019244062641,0.23705685568720558,10,False
77,7.809999999999878,20.654736804842234,-27.93536784870406,4.951259775194488,5.611013500366113,-0.256,0.08575612306594849,5.764486700296402,True,0.06606819493015756,0.1,-0.03393180506984245,11.9560874389928,7.456087438992799,0.24038636940766497,5,False
78,7.909999999999876,20.79104972216979,-28.48146113551445,4.663051298407832,5.670199137562948,0.0,0.20951681137084963,3.7972725592553616,False,0.11607755994527441,0.0,0.11607755994527441,12.072164998938074,7.5721649989380735,0.24309887934424795,5,False
79,8.009999999999874,20.834961394106184,-29.003675525610873,4.5878160090010445,4.719199137562944,0.192,0.1903295159339905,2.804276332259178,True,0.011669650877532078,0.1,-0.08833034912246793,12.083834649815607,7.483834649815606,0.244884582044737,5,False
80,8.109999999999872,20.852186841463567,-29.432447364581925,4.773287476007563,3.768199137562941,0.192,0.3960821866989136,2.805277317762375,False,0.03511798556979881,0.0,0.03511798556979881,12.118952635385407,7.518952635385404,0.24675081403404517,5,False
81,8.20999999999987,20.900969095922246,-29.76384692007466,5.098255176926397,2.9750210820390723,0.3840000000000001,0.3622367143630982,2.4616094529628754,True,0.014541146614103995,0.1,-0.08545885338589601,12.13349378199951,7.433493781999508,0.24784724038821157,5,False
82,8.309999999999867,21.035467845303796,-29.995344439746475,5.494591923425921,2.5242563969119414,0.3840000000000001,-0.15708972215652467,5.404256343841553,False,0.0,0.0,0.0,12.13349378199951,7.433493781999508,0.24948215835870977,5,False
83,8.409999999999865,21.26726510469376,-30.17728010506793,5.68128124322756,3.475256396911941,0.128,0.01342163234949112,3.747295815497637,True,0.11051879288855468,0.1,0.010518792888554673,12.244012574888064,7.444012574888063,0.25140467021869634,5,False
84,8.509999999999863,21.565341685158117,-30.365715061559925,5.751669987315867,3.580166090193661,0.0,-0.06966454386711121,4.7217941880226135,False,0.05892455279243802,0.0,0.05892455279243802,12.302937127680503,7.502937127680501,0.25322413654666476,5,False
85,8.60999999999986,21.89050735547276,-30.561553580691243,5.732787924221942,4.0204252783939936,-0.064,0.08672445416450501,4.132415786385536,True,0.14875140962502612,0.1,0.04875140962502611,12.451688537305529,7.551688537305527,0.2556831478799107,5,False
86,8.709999999999859,22.231108849087324,-30.779107720811027,5.697676951071053,4.063613467462099,0.064,0.370297908782959,4.645725771784782,False,0.10040561195569589,0.0,0.10040561195569589,12.552094149261224,7.652094149261223,0.2575936124171147,5,False
87,8.809999999999857,22.588785958781457,-30.9939847738724,5.80622557877179,4.288100137884719,0.32000000000000006,0.022177948057651522,2.975835934281349,True,0.04529896390237752,0.1,-0.05470103609762249,12.597393113163601,7.5973931131636006,0.25957486898194115,5,False
88,8.909999999999854,22.94741455662813,-31.133968487451234,6.251804191428203,3.345399666359357,0.128,-0.2260542392730713,5.7400762140750885,False,0.0,0.0,0.0,12.597393113163601,7.5973931131636006,0.26157670780301506,5,False
89,9.009999999999852,23.32196943861976,-31.165441239668944,0.000258729355548137,4.235805991493768,-0.192,-0.05314787030220032,4.994353413581848,True,0.04297021090459979,0.1,-0.05702978909540021,12.6403633240682,7.5403633240682,0.26398983139648674,5,False
90,9.10999999999985,23.758298631024676,-31.20050559919935,6.107432561654902,4.528333367874083,-0.064,0.39529707431793215,4.787819296121597,False,0.08097016633391146,0.0,0.08097016633391146,12.721333490402111,7.621333490402112,0.26623691030120017,5,False
91,9.209999999999848,24.21011871444377,-31.273523444934725,6.074334027242027,4.628401914134388,0.192,0.06034638285636902,5.692675173282623,True,0.0,0.1,-0.1,12.721333490402111,7.521333490402112,0.2687445299470752,5,False
92,9.309999999999846,24.688656920390795,-31.33757617057671,6.244765264507853,5.038829865221946,0.064,0.24596900939941407,3.9677242785692215,False,0.1831154959794175,0.0,0.1831154959794175,12.90444898638153,7.7044489863815295,0.2712201381456704,5,False
93,9.409999999999844,25.149678023410996,-31.35516611431185,0.17215759892840984,4.183013876384469,0.256,0.22565188407897951,3.52511476399377,True,0.13038928180532897,0.1,0.03038928180532896,13.034838268186858,7.734838268186858,0.27242152178108386,5,False
94,9.509999999999842,25.52423899220834,-31.27595132579166,0.5837729494006176,3.611609310332219,0.256,0.21640307903289796,5.99857559800148,False,0.008011939545221891,0.0,0.008011939545221891,13.04285020773208,7.74285020773208,0.27436893718873523,5,False
95,9.60999999999984,25.8639823526298,-31.060888756703985,0.6938967707946049,4.500348756165965,0.192,0.09950124621391297,5.999484717845917,True,0.01380959571968235,0.1,-0.08619040428031766,13.056659803451762,7.656659803451762,0.27759675575825304,5,False
96,9.709999999999837,26.224509896288296,-30.746791674329298,0.8037853225958245,5.078477818288986,0.128,0.013358135521411896,5.999310374259949,False,0.029594962364714678,0.0,0.029594962364714678,13.086254765816477,7.686254765816477,0.27995076945545966,5,False
97,9.809999999999835,26.588625321960176,-30.36839160653572,0.8790047009372624,5.433589079417875,0.0,-0.025110211968421937,5.884483218193054,True,0.0762835701966608,0.1,-0.023716429803339212,13.162538336013139,7.662538336013138,0.2829876732522707,5,False
98,9.909999999999833,26.951675216522244,-29.952760422266568,0.8747575250772378,5.607472577799666,0.0,-0.10043795108795167,5.681170731782913,False,0.12539676759324486,0.0,0.12539676759324486,13.287935103606383,7.787935103606383,0.28607859490020204,5,False
99,10.009999999999831,27.32015418578922,-29.528257143234725,0.8185252756741161,5.635893645489076,-0.128,-0.08140248656272889,4.493878319859505,True,0.15452707083013575,0.1,0.05452707083013575,13.44246217443652,7.842462174436519,0.2889556018777731,5,False
100,10.109999999999829,27.684278615040906,-29.15573524492315,0.6102478032685499,4.74682435283036,-0.064,-0.12710748910903932,3.592826597392559,False,0.09657885273679084,0.0,0.09657885273679084,13.53904102717331,7.939041027173309,0.29139658491406617,5,False
101,10.209999999999827,28.02789201064967,-28.895039020394027,0.31767624337671574,3.8521358690044076,-0.128,-0.14954040050506592,3.247827984392643,True,0.08326573082595562,0.1,-0.016734269174044386,13.622306757999265,7.922306757999265,0.29335306064445404,5,False
102,10.309999999999825,28.356674264245072,-28.76977186765572,0.03379403722909086,3.324411567011779,-0.128,5.674436688423157e-05,6.0,False,0.011985786942041249,0.0,0.011985786942041249,13.634292544941307,7.934292544941306,0.2954770234810577,5,False
103,10.409999999999823,28.73064573497539,-28.74397178211323,0.0077945943221980965,4.262978605555001,0.0,-0.08256659507751465,6.0,True,0.0242583537163375,0.1,-0.0757416462836625,13.658550898657644,7.858550898657644,0.2982603346288413,5,False
104,10.50999999999982,29.18969063218807,-28.736064906815624,0.0016649163649541587,4.932846166154884,-0.064,-0.26610302925109863,5.9882858991622925,False,0.0,0.0,0.0,13.658550898657644,7.858550898657644,0.30148162974523235,5,False
105,10.609999999999818,29.702641795583396,-28.74895143862025,6.17981494308853,5.339867542846541,-0.256,-0.24611022472381594,5.505924731492996,True,0.060368484309052645,0.1,-0.03963151569094736,13.718919382966696,7.818919382966696,0.3044678573060353,5,False
106,10.709999999999816,30.232286100949196,-28.83358044914626,5.884771758851593,5.403906088505454,-0.256,0.13329541683197021,6.0,False,0.0,0.0,0.0,13.718919382966696,7.818919382966696,0.30794928248530334,5,False
107,10.809999999999814,30.744011859526204,-29.036489419126912,5.645510211660741,5.633784647087558,0.0,-0.09509024024009705,6.0,True,0.027160256264534527,0.1,-0.07283974373546548,13.746079639231231,7.7460796392312306,0.31110426052594076,5,False
108,10.909999999999812,31.232616384467985,-29.330056934457954,5.635416077654055,5.775012490276021,-0.064,-0.014496427774429322,5.999999403953552,False,0.01883866787798147,0.0,0.01883866787798147,13.764918307109212,7.764918307109212,0.3143837609640972,5,False
109,11.00999999999981,31.703980323539326,-29.670884113186574,5.589458275414967,5.8617767843221635,0.0,-0.10476720333099365,5.638323038816452,True,0.08174000341533834,0.1,-0.018259996584661667,13.846658310524552,7.74665831052455,0.31769544614803497,5,False
110,11.109999999999808,32.15142513094403,-30.03053249081826,5.528498654234709,5.665422793716416,-0.128,0.10394240617752076,6.0,False,0.05419597130230977,0.0,0.05419597130230977,13.900854281826861,7.80085428182686,0.32095865597577294,5,False
111,11.209999999999805,32.56858872361957,-30.422931597295847,5.422424604548014,5.794449654135206,0.128,0.060604614019393925,6.0,True,0.12313179256128094,0.1,0.023131792561280937,14.023986074388143,7.823986074388141,0.3239157834647848,5,False
112,11.309999999999803,32.979005852192586,-30.837455190618062,5.518330934085049,5.873718400740888,0.064,0.07016120553016662,6.0,False,0.16584157645199943,0.0,0.16584157645199943,14.189827650840142,7.98982765084014,0.32770500815729436,5,False
113,11.409999999999801,33.40693598460072,-31.2431379442349,5.6134439000059535,5.922417827883741,0.064,0.07479314804077149,5.999998956918716,True,0.19104617587991052,0.1,0.09104617587991051,14.380873826720052,8.080873826720051,0.3309755704401084,5,False
114,11.509999999999799,33.86786620944456,-31.61703688660707,5.724417722055442,5.9523363319513605,0.064,0.00942390263080597,5.999837130308151,False,0.18013528460633216,0.0,0.18013528460633216,14.561009111326383,8.261009111326382,0.33385419986677944,5,False
115,11.609999999999797,34.36294273895049,-31.94880397780317,5.803764949791969,5.970654611751233,0.0,0.0611309826374054,5.9999746680259705,True,0.11747104387357585,0.1,0.017471043873575842,14.678480155199958,8.278480155199958,0.33753723341746344,5,False
116,11.709999999999795,34.881726947070455,-32.24527954330986,5.836776874895877,5.981961642646892,0.064,0.03126119077205658,5.999995678663254,False,0.07326452602496902,0.0,0.07326452602496902,14.751744681224928,8.351744681224927,0.34082757418539417,5,False
117,11.809999999999793,35.41715231162716,-32.51266706592739,5.885379438576359,5.988916315601804,0.0,0.02905992865562439,5.9918656051158905,True,0.013815742054864522,0.1,-0.08618425794513548,14.765560423279792,8.265560423279792,0.34405021221995297,5,False
118,11.90999999999979,35.963907568284405,-32.7571196519158,5.907354287342115,5.990053684075574,0.0,-0.13643977642059327,5.929584562778473,False,0.0,0.0,0.0,14.765560423279792,8.265560423279792,0.347433136866677,5,False
119,12.009999999999788,36.513132687795355,-32.987911945516515,5.876387468155638,5.936918064226206,-0.128,-0.1556582570075989,4.754119575023651,True,0.08407013687304588,0.1,-0.01592986312695413,14.849630560152839,8.249630560152838,0.3503028962916135,5,False
120,12.109999999999786,37.00832062658086,-33.229018329289666,5.595172157406099,5.0308560731588825,-0.128,-0.008170974999666214,2.5139256417751312,False,0.07657729694677812,0.0,0.07657729694677812,14.926207857099618,8.326207857099616,0.35290391902839346,5,False
121,12.209999999999784,37.37822675555743,-33.501102300812896,5.198404064506691,4.079856073158878,0.0,-0.19059336185455322,2.63722887635231,True,0.12546932671240213,0.1,0.025469326712402124,15.05167718381202,8.351677183812019,0.35497144652268114,5,False
122,12.309999999999782,37.592005545598965,-33.79430133883915,4.846714100400275,3.128856073158879,-0.192,0.2530300855636597,5.968361854553223,False,0.0,0.0,0.0,15.05167718381202,8.351677183812019,0.3564852228895129,5,False
123,12.40999999999978,37.66164000135674,-34.141844346236134,4.7942626709609515,4.07907652806418,0.064,0.22936193943023683,2.724828779697418,True,0.12484759312044655,0.1,0.024847593120446543,15.176524776932466,8.376524776932465,0.3590233425563082,5,False
124,12.509999999999778,37.71543217189232,-34.502769790609264,4.965787072153561,3.1283907863248217,0.256,-0.3402535915374756,3.4004060681909323,False,0.0764945119419472,0.0,0.0764945119419472,15.253019288874412,8.453019288874412,0.36130964071559796,5,False
125,12.609999999999776,37.81953638710091,-34.80264064130753,5.163165221209467,3.2332911714854555,0.0,-0.28678331375122074,2.54261015355587,True,0.1605683923407314,0.1,0.060568392340731386,15.413587681215144,8.513587681215142,0.3624471934607327,5,False
126,12.709999999999773,37.93385590152543,-35.06755548882164,5.113811267573348,2.6351881581603935,-0.256,-0.22592141628265383,2.9082510843873024,False,0.18989320616339825,0.0,0.18989320616339825,15.603480887378543,8.703480887378541,0.36549805154264897,5,False
127,12.809999999999771,38.00595195090051,-35.3260620378437,4.924507133278392,2.740492558478577,-0.256,-0.09784833192825318,2.534467861056328,True,0.11847985188995476,0.1,0.018479851889954754,15.721960739268498,8.721960739268496,0.36720560704172195,5,False
128,12.90999999999977,38.03448855347185,-35.587241308446266,4.760147624658685,2.559453876801315,-0.128,-0.27170083522796634,2.9497140496969223,False,0.18214623870858107,0.0,0.18214623870858107,15.90410697797708,8.904106977977078,0.36877995033342664,5,False
129,13.009999999999767,38.029546756742896,-35.85026300928823,4.6414740572869775,2.7099544007746523,-0.256,-0.36152358055114747,2.5768589824438095,True,0.15519526685165336,0.1,0.05519526685165335,16.059302244828732,8.95930224482873,0.3698478926866906,5,False
130,13.109999999999765,37.97413768861788,-36.10754818184539,4.406399958413101,2.5930003686931693,-0.3840000000000001,-0.3978686571121216,1.9231051802635193,False,0.07622913322095035,0.0,0.07622913322095035,16.13553137804968,9.035531378049681,0.3706901538507262,5,False
131,13.209999999999763,37.868195055390785,-36.305189087849506,4.0953093908984215,2.011818236595556,-0.3840000000000001,-0.383756160736084,2.413835659623146,True,0.12998690346589253,0.1,0.029986903465892528,16.265518281515572,9.065518281515574,0.3717076630564035,5,False
132,13.30999999999976,37.71608600157649,-36.44744279568459,3.8690837257984803,2.166852844311592,-0.3840000000000001,-0.1833061695098877,3.217075601220131,False,0.14937022089516153,0.0,0.14937022089516153,16.414888502410733,9.214888502410735,0.37296915203206615,5,False
133,13.409999999999759,37.51403396114099,-36.56994645310725,3.669350944029309,2.571862338441391,-0.192,-0.2595998764038086,2.6332489997148514,True,0.16768722502434935,0.1,0.06768722502434935,16.58257572743508,9.282575727435084,0.37442300164355374,5,False
134,13.509999999999756,37.2782403487996,-36.67482152623902,3.50740148637218,2.59553558344121,-0.256,-0.25130763053894045,2.718991845846176,False,0.1721126892541288,0.0,0.1721126892541288,16.75468841668921,9.454688416689214,0.3758846463390727,5,False
135,13.609999999999754,37.02411751226834,-36.73671901226374,3.319002368620771,2.643145443401753,-0.256,-0.2086256504058838,3.693223897367716,True,0.12087250468120748,0.1,0.02087250468120748,16.87556092137042,9.475560921370421,0.3767784511271505,5,False
136,13.709999999999752,36.74093631259757,-36.757074981375375,3.1613654098298323,3.048099288326286,-0.192,-0.030161997675895693,6.0,False,0.0,0.0,0.0,16.87556092137042,9.475560921370421,0.3787525621448134,5,False
137,13.80999999999975,36.39384270395229,-36.73993218945849,3.0581069119328,3.9990992883262857,0.0,-0.14411081075668336,4.997578322887421,True,0.0,0.1,-0.1,16.87556092137042,9.375560921370422,0.38111712426574185,5,False
138,13.909999999999748,35.97688138992731,-36.70136853728685,3.014729343245868,4.384154255024207,-0.128,0.03184481561183929,4.6947329342365265,False,0.07028675541742552,0.0,0.07028675541742552,16.945847676787842,9.445847676787848,0.3839380601760688,5,False
139,14.009999999999746,35.53833734941294,-36.63066906468829,2.9147961981031663,4.5039262871267605,0.0,0.07587938904762269,4.185216933488846,True,0.1397877830154624,0.1,0.0397877830154624,17.085635459803306,9.48563545980331,0.38597790876945426,5,False
140,14.109999999999744,35.113245348882295,-36.54702403109867,2.9442461092645993,4.2238689835959775,0.064,0.379976224899292,3.7330596558749676,False,0.14285535872336272,0.0,0.14285535872336272,17.22849081852667,9.628490818526673,0.38823488968245207,5,False
141,14.209999999999742,34.72208660068022,-36.48660677036687,3.0848571851747884,3.792583439885628,0.32000000000000006,0.07769891023635865,2.954129673540592,True,0.13195530213843798,0.1,0.031955302138437974,17.360446120665106,9.660446120665112,0.3901261469544524,5,False
142,14.30999999999974,34.383266875119986,-36.50482077043255,3.4842549140462697,3.083306048552854,0.128,-0.010450100153684617,4.898725509643555,False,0.0,0.0,0.0,17.360446120665106,9.660446120665112,0.39204570413716106,5,False
143,14.409999999999737,34.058549029269585,-36.613266563303675,3.5247697181433955,3.7834071582774915,0.0,0.24762575626373293,4.041977398097515,True,0.07228413914413762,0.1,-0.02771586085586239,17.432730259809244,9.63273025980925,0.39416837806741367,5,False
144,14.509999999999735,33.70232941010428,-36.75447955763429,3.5474689676624034,3.8831225770661635,0.256,0.2309603214263916,4.296653926372528,False,0.0549335276685573,0.0,0.0549335276685573,17.4876637874778,9.687663787477808,0.3965056032758459,5,False
145,14.609999999999733,33.35334173644293,-36.94095410300422,3.763831384762147,4.042597432745728,0.256,0.13672293424606324,4.0264875665307045,True,0.061821458750768596,0.1,-0.03817854124923141,17.549485246228567,9.649485246228577,0.3988972260637662,5,False
146,14.70999999999973,33.03983266947234,-37.19377906558154,3.9933350680039537,4.028441319531847,0.128,0.06765546202659607,3.954219728708267,False,0.037481412401814074,0.0,0.037481412401814074,17.58696665863038,9.686966658630391,0.40188319192171684,5,False
147,14.809999999999729,32.77891687074307,-37.49494090269204,4.130034550509963,3.9632210856336223,0.064,0.12573071718215942,3.152969315648079,True,0.12582520444507816,0.1,0.02582520444507816,17.71279186307546,9.71279186307547,0.4037733535077503,5,False
148,14.909999999999727,32.58328463481592,-37.79466870861253,4.276258952565506,3.2741924067327854,0.128,0.24673020839691162,2.902831606566906,False,0.17490371743729674,0.0,0.17490371743729674,17.887695580512755,9.887695580512768,0.40546735558873154,5,False
149,15.009999999999724,32.46379933739238,-38.077252638004985,4.4501256904938815,2.94786905555293,0.256,0.38971681594848634,2.9296421855688095,True,0.1592333858127084,0.1,0.0592333858127084,18.046928966325464,9.946928966325476,0.40714893315602224,10,False
150,15.109999999999722,32.41910234805934,-38.366691386657976,4.693874506998177,2.9318526820097857,0.3840000000000001,0.39972560405731206,2.9170045480132103,True,0.15002128285797411,0.1,0.05002128285797411,18.196950249183438,9.99695024918345,0.40870533773956524,10,False
151,15.20999999999972,32.4641139518257,-38.654324673205984,5.0242904914093165,2.9188052821701533,0.3840000000000001,0.2657277345657349,2.5333740413188934,True,0.1791224860622711,0.1,0.0791224860622711,18.37607273524571,10.076072735245722,0.4101536059040739,10,False
152,15.309999999999718,32.58700327447245,-38.89485819894313,5.342481118901763,2.5801179083067525,0.256,0.23740811347961427,5.123755246400833,True,0.0,0.1,-0.1,18.37607273524571,9.976072735245722,0.4116510600444398,5,False
153,15.409999999999716,32.78664519379435,-39.11911094038528,5.491987067296582,3.500061759715922,0.256,0.10240710973739625,2.6009102016687393,False,0.15326383853669945,0.0,0.15326383853669945,18.52933657378241,10.129336573782421,0.4131125248286775,5,False
154,15.509999999999714,33.02290081010519,-39.31945681056771,5.715158403548957,2.7484460880064496,0.128,0.14504878520965578,2.3364218175411224,True,0.1451608569521855,0.1,0.045160856952185496,18.674497430734593,10.174497430734606,0.41446530009588783,5,False
155,15.609999999999712,33.24048782728581,-39.447185514346444,5.841393094886096,2.3863908020268227,0.128,0.08304336667060852,2.749061346054077,False,0.17331027828710904,0.0,0.17331027828710904,18.8478077090217,10.347807709021716,0.4158230032182447,5,False
156,15.70999999999971,33.46774382846287,-39.53986874678658,5.918009704298009,2.5262516197495617,0.064,0.17628507614135744,2.0022032260894775,True,0.1150919639023653,0.1,0.015091963902365294,18.962899672924067,10.362899672924081,0.41661004595967577,5,False
157,15.809999999999707,33.68133588995712,-39.609049223927556,6.002470784861559,2.0664431470163964,0.192,0.10125702619552612,3.4390946933999658,False,0.13317486612008997,0.0,0.13317486612008997,19.096074539044157,10.496074539044171,0.4183733686401431,5,False
158,15.909999999999705,33.909290524776374,-39.65496225105145,6.09059777778898,2.595794567712863,0.128,0.13608233928680422,3.598546277731657,True,0.13341551191177625,0.1,0.03341551191177625,19.22949005095593,10.529490050955948,0.4194609914072254,5,False
159,16.009999999999703,34.18533097411361,-39.69152739559204,6.178801723376045,2.9824972554435876,0.128,-0.04000014066696167,4.5920290648937225,False,0.028490405802099883,0.0,0.028490405802099883,19.25798045675803,10.557980456758047,0.4212946171642414,5,False
160,16.10999999999972,34.513441240047236,-39.71015590320034,6.244605390902037,3.6031995394524543,-0.064,-0.02076389789581299,4.404706045985222,True,0.08376528030491856,0.1,-0.016234719695081445,19.34174573706295,10.541745737062966,0.42338967582356335,5,False
161,16.209999999999734,34.88833249101623,-39.73088989815092,6.218742018885296,3.9122937222029135,0.0,-0.2017439126968384,4.611937090754509,False,0.09794580126954971,0.0,0.09794580126954971,19.4396915383325,10.639691538332515,0.4249938520032345,5,False
162,16.30999999999975,35.291575183423035,-39.76163557464857,6.173474327889091,4.182105250190044,-0.192,-0.325628399848938,3.256787735968828,True,0.1521479103193759,0.1,0.052147910319375906,19.591839448651875,10.69183944865189,0.42848557625476724,5,False
163,16.409999999999766,35.661608360581894,-39.83436850612639,5.860241355314354,3.413435869063766,-0.32000000000000006,-0.299335241317749,3.8888222575187683,False,0.10943296233362672,0.0,0.10943296233362672,19.701272410985503,10.801272410985517,0.4329867989473279,5,False
164,16.50999999999978,35.96569114817676,-40.00500899361943,5.557655514488646,3.59676459569611,-0.32000000000000006,-0.17530583143234255,3.146788015961647,True,0.18524136036453295,0.1,0.08524136036453295,19.886513771350035,10.88651377135005,0.43522578812956164,5,False
165,16.609999999999797,36.196149009271046,-40.24724791535365,5.2490522798858175,3.2013597350166587,-0.192,-0.12981114387512208,5.6878595650196075,False,0.0,0.0,0.0,19.886513771350035,10.88651377135005,0.4371741240740865,5,False
166,16.709999999999813,36.37588372268978,-40.561686994729364,5.1623580096683535,4.111186881206372,-0.128,-0.11460827589035034,3.6331502478569746,True,0.1079665273553546,0.1,0.007966527355354594,19.99448029870539,10.894480298705403,0.43929735521907604,5,False
167,16.809999999999828,36.52975515824409,-40.914838904784055,5.021809877019801,3.6911250003841864,-0.128,-0.11716417074203492,2.6174860298633575,False,0.17438134108654382,0.0,0.17438134108654382,20.168861639791935,11.068861639791947,0.44133263692129415,5,False
168,16.909999999999844,36.62230575305127,-41.22815996880497,4.847863665324011,2.8341209746891867,-0.128,-0.22845237255096437,2.4894579350948334,True,0.14658927791524062,0.1,0.04658927791524062,20.315450917707174,11.115450917707188,0.4426480602921553,5,False
169,17.00999999999986,36.647106820698994,-41.491221605058726,4.690025672579291,2.5312575651477767,-0.256,-0.2852874040603638,2.9805367290973663,False,0.13027944737787966,0.0,0.13027944737787966,20.445730365085055,11.245730365085068,0.4442832107408653,5,False
170,17.109999999999875,36.61173228862156,-41.74998250912159,4.509435297260069,2.704518262192574,-0.256,-0.30303280353546147,3.3314121551811695,True,0.10451699147550234,0.1,0.00451699147550233,20.550247356560558,11.250247356560571,0.445771348673253,5,False
171,17.20999999999989,36.51944604136663,-42.016270943865365,4.301477007837123,2.946274572272686,-0.32000000000000006,-0.24764616489410402,4.413102328777313,False,0.02143261448017067,0.0,0.02143261448017067,20.57167997104073,11.271679971040742,0.44732304715428034,5,False
172,17.309999999999906,36.35648047469336,-42.29393294730888,4.102449080324926,3.5119442492336312,-0.256,-0.15458214282989502,4.4176307916641235,True,0.03418649798718007,0.1,-0.06581350201281994,20.60586646902791,11.205866469027923,0.4533402584995057,5,False
173,17.409999999999922,36.122813538926124,-42.578223865573065,3.9304062753612143,3.861214578768002,-0.128,-0.37136957645416263,5.9999986588954926,False,0.0,0.0,0.0,20.60586646902791,11.205866469027923,0.45558746305502784,5,False
174,17.509999999999938,35.812775560674936,-42.86985662563215,3.8124672007024367,4.680355109633391,-0.3840000000000001,-0.3995036602020264,5.957674741744995,True,0.0,0.1,-0.1,20.60586646902791,11.105866469027923,0.4578794016563167,10,False
175,17.609999999999953,35.40265447620879,-43.14006670035114,3.502133558119786,5.172942586566758,-0.3840000000000001,-0.21734466552734377,3.9970839247107506,True,0.09792199797286245,0.1,-0.0020780020271375516,20.70378846700077,11.103788467000786,0.46005668264607585,10,False
176,17.70999999999997,34.952261929079846,-43.28244892930303,2.83405565812086,4.2692694503503805,-0.192,0.15140773057937623,6.0,True,0.0,0.1,-0.1,20.70378846700077,11.003788467000787,0.46295103704355084,5,False
177,17.809999999999985,34.50128770645242,-43.21279046152842,2.7269533192454913,4.936711000038326,0.064,0.09173780679702759,6.0,False,0.0,0.0,0.0,20.70378846700077,11.003788467000787,0.46571614705233716,5,False
178,17.91,34.01265207529849,-43.05410060214582,2.863363844799495,5.3467593799229,0.064,0.04076674282550812,6.0,True,0.0,0.1,-0.1,20.70378846700077,10.903788467000787,0.4686576333710779,5,False
179,18.010000000000016,33.48574509771615,-42.90744637475986,2.9441873303150348,5.598676081729336,0.064,-0.22213144302368165,5.996171295642853,False,0.0,0.0,0.0,20.70378846700077,10.903788467000787,0.47186041181076366,5,False
180,18.11000000000003,32.93176799673115,-42.78499653691082,2.961496506207345,5.751966737875487,-0.192,-0.019326438009738923,5.970286786556244,True,0.00434230006230113,0.1,-0.09565769993769888,20.70813076706307,10.808130767063089,0.4751307013584093,5,False
181,18.210000000000047,32.36952718790251,-42.64578866958018,2.7868535967848325,5.836160012009889,0.0,0.03642252385616303,5.999926388263702,False,0.04688573195944426,0.0,0.04688573195944426,20.755016499022517,10.855016499022533,0.478402764658931,5,False
182,18.310000000000063,31.81036396012372,-42.46834079683985,2.7747195999289844,5.899315125309155,0.064,0.009949633479118349,5.939662963151932,True,0.09329697185446256,0.1,-0.006703028145537443,20.84831347087698,10.848313470876995,0.48169223589506294,5,False
183,18.41000000000008,31.251317308994437,-42.27759176652382,2.835995797833578,5.914874926586016,0.0,-0.03843800723552704,5.886302351951599,False,0.12626626809468336,0.0,0.12626626809468336,20.974579738971663,10.974579738971679,0.48498053821177023,5,False
184,18.510000000000094,30.690788393012188,-42.09361671599447,2.8336425277638373,5.8897675423322795,-0.064,-0.013510408997535707,5.9999211728572845,True,0.15339939150308177,0.1,0.05339939150308176,21.127979130474746,11.02797913047476,0.48830261552658544,5,False
185,18.61000000000011,30.130790297490744,-41.90456523750865,2.77930310756381,5.93224735519295,0.0,0.015872284770011902,5.999993294477463,False,0.18775498161516174,0.0,0.18775498161516174,21.315734112089906,11.215734112089923,0.49160731599403773,5,False
186,18.710000000000125,29.57192918088275,-41.70183109644326,2.771556997118731,5.958373001793615,0.0,0.008683998137712479,5.999998509883881,True,0.19016904489239245,0.1,0.09016904489239244,21.5059031569823,11.305903156982316,0.49495099234271556,5,False
187,18.81000000000014,29.012575328286534,-41.49426688906105,2.7964516377133815,5.974425525759255,0.0,0.013258741796016695,6.0,False,0.1948908228687322,0.0,0.1948908228687322,21.70079397985103,11.500793979851048,0.49830560190224554,5,False
188,18.910000000000156,28.44981771523102,-41.292249039111155,2.8212864421667727,5.984288104728091,0.0,0.04279495179653168,5.999998956918716,True,0.19170401426166755,0.1,0.09170401426166755,21.8924979941127,11.592497994112716,0.5019680872779169,5,False
189,19.010000000000172,27.882111683419435,-41.102100780473535,2.858332787633044,5.990346861554884,0.064,0.019262406229972842,6.0,False,0.18777517015704,0.0,0.18777517015704,22.080273164269737,11.780273164269756,0.5050760127787067,5,False
190,19.110000000000188,27.30742896615365,-40.9325270046093,2.9122347332196443,5.994069512480799,0.0,-0.05390256643295288,6.0,True,0.1913891242316468,0.1,0.0913891242316468,22.271662288501386,11.871662288501403,0.5085692566251663,5,False
191,19.210000000000203,26.727242858596334,-40.78153592951296,2.904360143419854,5.9963565546671305,-0.064,-0.13572391271591186,6.0,False,0.199353811294814,0.0,0.199353811294814,22.4710160997962,12.071016099796218,0.5118832910304993,5,False
192,19.31000000000022,26.148900406381017,-40.62317374740777,2.7913138855971464,5.997761618441884,-0.128,-0.16255002021789552,6.0,True,0.19420079577590807,0.1,0.09420079577590806,22.665216895572108,12.165216895572126,0.5152158627845576,5,False
193,19.410000000000235,25.588780740685188,-40.40997367019798,2.5676824817336157,5.9986248312951185,-0.192,0.1256509304046631,6.0,False,0.14466260905516656,0.0,0.14466260905516656,22.809879504627276,12.309879504627292,0.5185552624048494,5,False
194,19.51000000000025,25.07327865175828,-40.104804046497506,2.3480777054699105,5.999155153436629,0.064,-0.0641836702823639,5.99981090426445,True,0.19328959808658241,0.1,0.09328959808658241,23.00316910271386,12.403169102713873,0.5218591793800706,5,False
195,19.610000000000266,24.60270846447656,-39.73298709372208,2.388511872065985,5.99940803817875,-0.064,0.10187329053878785,5.999884217977524,False,0.15882883134501283,0.0,0.15882883134501283,23.16199793405887,12.561997934058885,0.5252708332827811,5,False
196,19.71000000000028,24.157064472649875,-39.331348065289326,2.3748933066096445,5.999591672877338,0.128,-0.013917613029479982,5.99893844127655,True,0.18969868493013026,0.1,0.08969868493013025,23.351696618989,12.651696618989016,0.5288216069324602,5,False
197,19.810000000000297,23.70726624870271,-38.93440861173713,2.4846014490113264,5.999017663113867,0.0,-0.014892673492431641,6.0,False,0.17711213837676804,0.0,0.17711213837676804,23.528808757365766,12.828808757365785,0.5321594665354794,5,False
198,19.910000000000313,23.245322534602558,-38.551670331591524,2.479410658885852,5.999396492998004,0.0,-0.01854063868522644,6.0,True,0.17457450675507713,0.1,0.07457450675507712,23.703383264120845,12.903383264120862,0.5355075624569283,5,False
199,20.01000000000033,22.778674073978912,-38.17460265450311,2.4513248361558806,5.999629230352032,0.0,-0.020849741995334625,6.0,False,0.1737694626038181,0.0,0.1737694626038181,23.877152726724663,13.07715272672468,0.5388453079532821,5,False
200,20.110000000000344,22.316117234455483,-37.79250776665219,2.4258627153573435,5.999772214520462,0.0,-0.08287160992622376,5.999999552965164,True,0.18594918132699878,0.1,0.08594918132699877,24.063101908051664,13.16310190805168,0.5422035688120422,5,False
201,20.21000000000036,21.86268423738302,-37.399651068769465,2.3787253780543183,5.9998598856624925,-0.064,-0.07734730839729309,5.99999463558197,False,0.18410395661011458,0.0,0.18410395661011458,24.24720586466178,13.347205864661793,0.5454813928011467,5,False
202,20.310000000000375,21.431364813416362,-36.98276301067477,2.2658250169101093,5.999911850825467,-0.064,-0.13198231458663942,5.99996155500412,True,0.19652812680570642,0.1,0.09652812680570641,24.443733991467486,13.4437339914675,0.5488367831931995,5,False
203,20.41000000000039,21.039787098801977,-36.528592646795786,2.124862981041177,5.999931018820181,-0.128,-0.035120961070060734,5.995861500501633,False,0.1916735103711258,0.0,0.1916735103711258,24.63540750183861,13.635407501838626,0.5521796345291808,5,False
204,20.510000000000407,20.7107130478481,-36.02768171951345,1.9617011995158493,5.99635503865533,-0.064,-0.08010587096214294,4.528982028365135,True,0.030897518034553845,0.1,-0.06910248196544616,24.666305019873164,13.56630501987318,0.5552318396559256,5,False
205,20.610000000000422,20.467909216168938,-35.52708016076174,1.7447550566206353,5.045355038655326,-0.064,0.006923601776361466,6.0,False,0.17235317568796946,0.0,0.17235317568796946,24.838658195561134,13.73865819556115,0.5581457185648767,5,False
206,20.710000000000438,20.332131232640588,-35.0232470166654,1.6680707058610393,5.413505766988323,0.0,0.14717676639556884,5.999998211860657,True,0.19393342817599782,0.1,0.09393342817599781,25.032591623737133,13.832591623737148,0.5611617347186323,5,False
207,20.810000000000453,20.238563781539852,-34.478807964149674,1.7592007248167534,5.639681601444536,0.128,0.22152407169342042,5.999976307153702,False,0.1965186259724907,0.0,0.1965186259724907,25.229110249709624,14.029110249709639,0.5636580636303533,5,False
208,20.91000000000047,20.108861102360684,-33.923302364286315,1.9633530810696393,5.7786261972810005,0.192,0.16741567850112915,5.999993443489075,True,0.19767576376343332,0.1,0.09767576376343332,25.42678601347306,14.126786013473073,0.5675690030747473,10,False
209,21.010000000000485,19.888455924445125,-33.38554171609573,2.2167145843321507,5.863994597283637,0.192,-0.02899126410484314,5.999999701976776,True,0.16659284989842899,0.1,0.06659284989842898,25.593378863371488,14.193378863371501,0.5701432598757605,5,False
210,21.1100000000005,19.561706822859197,-32.89661712618072,2.411967215382714,5.916443811784552,0.0,-0.11674053668975831,6.0,False,0.16878030476519984,0.0,0.16878030476519984,25.762159168136687,14.362159168136701,0.574051082151727,5,False
211,21.210000000000516,19.167055740166976,-32.45392920077616,2.373050640251931,5.948666546721441,-0.128,-0.10057034492492677,6.0,True,0.18938268942395833,0.1,0.08938268942395833,25.951541857560645,14.45154185756066,0.57725731809493,5,False
212,21.31000000000053,18.766886943066257,-32.012573028269415,2.2029074037213254,5.968462857368416,-0.128,-0.13789182901382446,6.0,False,0.17795663007446055,0.0,0.17795663007446055,26.129498487635107,14.62949848763512,0.5805696368543009,5,False
213,21.410000000000547,18.410701502222697,-31.533484594648343,2.017220219851501,5.980624888803647,-0.128,-0.13179880380630493,6.0,True,0.17265004051793806,0.1,0.07265004051793805,26.302148528153044,14.702148528153058,0.5841363083409999,5,False
214,21.510000000000563,18.133589949826593,-31.00393452529467,1.812081829589304,5.98809673602151,-0.128,0.2674149990081787,6.0,False,0.14158985548569877,0.0,0.14158985548569877,26.443738383638742,14.843738383638756,0.5872941884778826,5,False
215,21.61000000000058,17.95328659772461,-30.43333262604858,1.6634833395954798,5.992687128765057,0.128,0.0019755210727453233,5.996493011713028,True,0.17694000839406923,0.1,0.07694000839406923,26.62067839203281,14.920678392032826,0.5908818594908194,5,False
216,21.710000000000594,17.82363144123912,-29.84819918843134,1.8001282058103745,5.994154835227647,0.0,-0.007606193423271179,5.996495395898819,False,0.18743649513868232,0.0,0.18743649513868232,26.808114887171495,15.108114887171508,0.5942608768542939,5,False
217,21.81000000000061,17.689845816442826,-29.263879965459623,1.8430759598057405,5.99505745258875,0.0,-0.0036377672106027606,5.999557286500931,True,0.1914396067479215,0.1,0.09143960674792148,26.999554493919415,15.199554493919429,0.5976450147677275,5,False
218,21.910000000000625,17.54389282627083,-28.68232679678325,1.819052701245607,5.996792775351898,0.0,-0.025161799788475037,5.995301216840744,False,0.1843072509618365,0.0,0.1843072509618365,27.183861744881252,15.383861744881266,0.6012916241044475,5,False
219,22.01000000000064,17.399817346908904,-28.100298896401174,1.7923512964396362,5.995482108281967,0.0,-0.004040895774960518,5.9999818205833435,True,0.1886370846798196,0.1,0.0886370846798196,27.37249882956107,15.472498829561085,0.6043795094556975,5,False
220,22.110000000000657,17.26570124186055,-27.515866677208585,1.7684630127465228,5.997217384146942,0.0,0.00717538595199585,5.999994337558746,False,0.1909520325635103,0.0,0.1909520325635103,27.56345086212458,15.663450862124595,0.6080095688104511,5,False
221,22.210000000000672,17.142139517355243,-26.928961613274534,1.7633237506232384,5.998288292665292,0.0,-0.030983525514602664,5.9806006252765656,True,0.18068700576349156,0.1,0.08068700576349155,27.74413786788807,15.744137867888087,0.6113576732418629,5,False
222,22.310000000000688,17.022485526513677,-26.342160148413708,1.7699091835177507,5.982745728952952,0.0,-0.081833553314209,5.995729476213455,False,0.17164741536683137,0.0,0.17164741536683137,27.915785283254902,15.915785283254918,0.6144956414608961,5,False
223,22.410000000000704,16.90932152105148,-25.754453106021565,1.7243117053600563,5.987752800905348,-0.064,-0.11435136795043946,5.998320639133453,True,0.16050174755824334,0.1,0.060501747558243335,28.076287030813145,15.976287030813161,0.6178573090761712,10,False
224,22.51000000000072,16.82540230302671,-25.16153438121351,1.5964440803390552,5.9918281980405315,-0.128,0.20276877880096436,5.999999850988388,True,0.17397631842659156,0.1,0.07397631842659155,28.250263349239738,16.050263349239753,0.621180014391271,5,False
225,22.610000000000735,16.798676724489837,-24.563043768909772,1.4703937118647077,5.994979526656146,0.128,0.07033758163452149,5.99990850687027,False,0.1795556514964209,0.0,0.1795556514964209,28.42981900073616,16.229819000736175,0.6248917121841369,5,False
226,22.71000000000075,16.800312378868433,-23.963456954072317,1.6069551101879933,5.996880346048953,0.064,0.046058812737464906,5.9697403609752655,True,0.1747506582128328,0.1,0.0747506582128328,28.604569658948993,16.304569658949006,0.6283001682471215,10,False
227,22.810000000000766,16.776116216383215,-23.365856126355265,1.72796821538987,5.973031811480251,0.064,0.13192543983459473,5.996771514415741,True,0.19559962015105772,0.1,0.09559962015105772,28.80016927910005,16.400169279100066,0.6311511004469172,5,False
228,22.91000000000078,16.699415315597275,-22.773333477178806,1.839224283159242,5.982186826464877,0.128,0.0737683653831482,5.9972450733184814,False,0.19626574164177088,0.0,0.19626574164177088,28.99643502074182,16.596435020741836,0.6345267997254028,5,False
229,23.010000000000797,16.550717360550415,-22.19402611046494,2.0079755301502753,5.987993911581385,0.064,0.05419436693191529,5.965013265609741,True,0.18721063785501418,0.1,0.08721063785501418,29.183645658596834,16.683645658596852,0.6382467466742477,5,False
230,23.110000000000813,16.32910925909684,-21.639459522497194,2.108506250994372,5.967800284783955,0.064,-0.13979705572128295,5.969573616981506,False,0.1734121238716878,0.0,0.1734121238716878,29.357057782468523,16.85705778246854,0.6411451840013754,5,False
231,23.21000000000083,16.053093263948814,-21.11044721962447,2.1349914242225694,5.968484155297642,-0.128,-0.08657199144363403,5.3584319949150085,True,0.13181075221446495,0.1,0.031810752214464943,29.48886853468299,16.888868534683006,0.6442487865407496,10,False
232,23.310000000000844,15.787756444507973,-20.611571246405543,1.9710223519081933,5.436077902677984,-0.064,0.2797866821289063,5.999719113111496,True,0.14147410109185596,0.1,0.04147410109185595,29.630342635774845,16.930342635774863,0.6477420653972712,5,False
233,23.41000000000086,15.561697014726882,-20.105628993145732,1.9123749608929785,5.653441352485865,0.192,0.21394033432006837,5.828949421644211,False,0.16528893047801718,0.0,0.16528893047801718,29.79563156625286,17.09563156625288,0.6516734756869639,5,False
234,23.510000000000876,15.323510210261631,-19.58947887644063,2.150523957493182,5.72112455001508,0.192,0.21787307262420655,4.7002066522836685,True,0.02772972808970657,0.1,-0.07227027191029343,29.82336129434257,17.023361294342585,0.6533979071325672,5,False
235,23.61000000000089,15.0284748549207,-19.150144623859443,2.630204701486414,4.893862358315249,0.192,-0.2385643005371094,5.9999843537807465,False,0.1494765536876066,0.0,0.1494765536876066,29.972837848030174,17.17283784803019,0.65951983347186,5,False
236,23.710000000000907,14.618848330456812,-18.850095911945058,2.8045431756998993,5.320428919439899,-0.064,-0.3968338489532471,5.709960520267487,True,0.13505555330105792,0.1,0.03505555330105792,30.107893401331232,17.207893401331248,0.6615020977123145,10,False
237,23.810000000000922,14.138624997003163,-18.604527376416797,2.617932483014128,5.470648475777783,-0.3840000000000001,-0.3999654293060303,5.989735931158066,True,0.10269594258811607,0.1,0.0026959425881160626,30.21058934391935,17.210589343919363,0.6633184977038916,10,False
238,23.910000000000938,13.687210408856469,-18.281267806465653,2.167111000883694,5.670830148027533,-0.3840000000000001,-0.10398432016372681,1.2602270245552063,True,0.0,0.1,-0.1,30.21058934391935,17.11058934391936,0.6657356997700972,10,False
239,24.010000000000954,13.388762710280805,-17.854887352335215,1.3279041947364594,4.719830148027529,-0.128,-0.3719383001327515,6.0,True,0.06776788284954507,0.1,-0.03223211715045493,30.278357226768893,17.078357226768908,0.6684985268989747,10,False
240,24.11000000000097,13.375234183705283,-17.36666045259494,1.1239590129441435,5.213516788063594,-0.3840000000000001,0.11264098882675172,5.664531052112579,True,0.08842014593850767,0.1,-0.01157985406149234,30.3667773727074,17.066777372707417,0.6706242949092173,5,False
241,24.210000000000985,13.576342294177355,-16.878397343378676,0.884847476557476,5.387446611737859,-0.128,0.23061058521270753,5.59105908870697,False,0.1068060926026642,0.0,0.1068060926026642,30.473583465310064,17.17358346531008,0.6734854005340347,5,False
242,24.310000000001,13.887699835913205,-16.434667826507685,0.7875974170997717,5.4659680356484595,0.192,0.014076444506645204,5.999997317790985,True,0.09093909812731155,0.1,-0.00906090187268846,30.564522563437375,17.16452256343739,0.6763420432668519,5,False
243,24.410000000001016,14.228897102439483,-15.99485927648693,1.0067050325037838,5.671911896594409,0.0,0.27835209369659425,5.99999463558197,False,0.11770419765259313,0.0,0.11770419765259313,30.682226761089968,17.282226761089984,0.6793783812688643,5,False
244,24.510000000001032,14.546877422602192,-15.518003336124211,1.1049223802858286,5.798434220811807,0.256,0.1275077223777771,5.999965727329254,True,0.16304025859035756,0.1,0.06304025859035756,30.845267019680325,17.345267019680342,0.6826114145457596,10,False
245,24.610000000001047,14.799292148186288,-14.992476037293764,1.3513997472564454,5.876153136126605,0.128,0.15955259799957278,5.987662881612778,True,0.18542835434335173,0.1,0.08542835434335172,31.030695374023676,17.430695374023696,0.6853745327913123,10,False
246,24.710000000001063,14.959782290199788,-14.425860839471394,1.529521312549883,5.919155923214213,0.128,0.17076262235641482,5.999998211860657,True,0.19123861288532937,0.1,0.09123861288532936,31.221933986909004,17.521933986909026,0.6887068316995338,5,False
247,24.81000000000108,15.013149823386096,-13.835732292660651,1.732860484262638,5.9503320658121615,0.192,-0.017961262166500094,6.0,False,0.15361776015224732,0.0,0.15361776015224732,31.37555174706125,17.675551747061274,0.6920476405206188,5,False
248,24.910000000001094,14.949414438960789,-13.244080744835257,1.9360467566910884,5.969486083155208,0.0,0.1745491147041321,6.0,True,0.17935979697541693,0.1,0.07935979697541692,31.554911544036667,17.75491154403669,0.6953389968165969,5,False
249,25.01000000000111,14.794628752138436,-12.667433830719162,1.9874183385891564,5.981253516248741,0.192,0.1429227352142334,5.994687438011169,False,0.17617169050105957,0.0,0.17617169050105957,31.731083234537728,17.931083234537752,0.6980287514937816,5,False
250,25.110000000001126,14.557971257559359,-12.118461245395496,2.1929688995907983,5.986434194177675,0.128,0.05057749748229981,6.0,True,0.1706517793022101,0.1,0.07065177930221009,31.90173501383994,18.001735013839962,0.7013185935289935,5,False
251,25.21000000000114,14.23524984136219,-11.614702136265754,2.359492585774379,5.991665732075156,0.064,-0.2037217140197754,6.0,False,0.19594683968332777,0.0,0.19594683968332777,32.09768185352327,18.19768185352329,0.7039035826415299,5,False
252,25.310000000001157,13.847176383506719,-11.158297723105992,2.3882718379547634,5.994879771776715,-0.192,-0.339999794960022,4.501700013875961,True,0.034383747626199335,0.1,-0.06561625237380067,32.13206560114947,18.13206560114949,0.7069878143634215,10,False
253,25.410000000001173,13.488289275801696,-10.733178563760813,2.0447772969428737,5.0438797717767105,-0.32000000000000006,-0.32469542026519777,2.5974636375904083,True,0.0,0.1,-0.1,32.13206560114947,18.032065601149487,0.7095420330045281,10,False
254,25.510000000001188,13.295382020306619,-10.317977218899847,1.2183861074151376,4.0928797717767065,-0.32000000000000006,0.2051696062088013,5.999997764825821,True,0.14877659856347905,0.1,0.048776598563479046,32.28084219971295,18.080842199712965,0.7111444837859653,5,False
255,25.610000000001204,13.380766868836238,-9.887226918580074,1.0255823217170663,4.828343642207696,-0.064,0.3490074872970581,5.335062205791473,False,0.0997252611057701,0.0,0.0997252611057701,32.38056746081872,18.180567460818736,0.7139143878310326,5,False
256,25.71000000000122,13.595500588706079,-9.444172583853085,1.104257957406419,5.023755356297146,0.256,0.22741711139678955,5.949521869421005,True,0.1534295891265827,0.1,0.05342958912658269,32.5339970499453,18.23399704994532,0.716296143384524,5,False
257,25.810000000001235,13.789704859596826,-8.962466843000279,1.3648108942740453,5.380769356133045,0.256,0.09619895815849305,4.127280101180077,False,0.06116217025334017,0.0,0.06116217025334017,32.59515922019864,18.29515922019866,0.7192324359266514,5,False
258,25.91000000000125,13.885490690550093,-8.477633525377033,1.8176513351767523,4.450373909743682,0.128,0.1565455198287964,3.342136427760124,True,0.020696306309510387,0.1,-0.07930369369048962,32.61585552650815,18.215855526508168,0.7210543144738164,5,False
259,26.010000000001266,13.833843049992607,-8.081491763290414,2.335020005161459,3.5771448234288927,0.128,-0.3662831783294678,5.8693691194057465,False,0.012963414765425701,0.0,0.012963414765425701,32.62881894127357,18.228818941273595,0.7231580406923397,5,False
260,26.110000000001282,13.60469375741487,-7.756906880336257,2.3261772810066117,4.442115696356375,-0.128,-0.25308890342712403,3.302301749587059,True,0.030426294344113564,0.1,-0.06957370565588644,32.65924523561768,18.159245235617707,0.725208789800948,10,False
261,26.210000000001298,13.357817804015184,-7.440369750846162,2.0644676704840546,3.5540787459558874,-0.256,-0.09315263032913208,2.5908316522836685,True,0.0,0.1,-0.1,32.65924523561768,18.059245235617706,0.7267082188418522,5,False
262,26.310000000001313,13.222492269653676,-7.1576391163257105,1.7250899703643214,2.7606886925959313,-0.064,0.1119742512702942,3.0969178900122643,False,0.0701702547425922,0.0,0.0701702547425922,32.729415490360275,18.129415490360298,0.7285329391977232,5,False
263,26.41000000000133,13.169276673671362,-6.88052814023117,1.6951558129750715,2.890352629376456,0.128,0.02055284231901169,3.0938581973314285,True,0.057436263389088305,0.1,-0.0425637366109117,32.78685175374936,18.086851753749386,0.7301657408939641,5,False
264,26.510000000001344,13.117985168545578,-6.592184336398915,1.7597536748336975,2.968832824732972,0.0,0.38494980335235596,4.3826205134391785,False,0.12281590462083844,0.0,0.12281590462083844,32.909667658370196,18.209667658370225,0.7319723903121585,5,False
265,26.61000000000136,13.05272266983389,-6.27526727301343,1.7973086325544814,3.514048049639495,0.256,0.15405874252319338,5.863095134496689,True,0.021989392936074575,0.1,-0.07801060706392543,32.931657051306274,18.1316570513063,0.7341936800440647,5,False
266,26.710000000001376,12.934605896584168,-5.90057285171259,1.9504855008119202,4.393421223274141,0.128,0.22631354331970216,5.992231577634811,False,0.009901495176032421,0.0,0.009901495176032421,32.941558546482305,18.14155854648233,0.7371660361750605,5,False
267,26.81000000000139,12.745905251070484,-5.470890294841579,2.0847649750381603,5.009988869108815,0.256,0.36902306079864505,5.999998062849045,True,0.0,0.1,-0.1,32.941558546482305,18.041558546482328,0.739995365251274,5,False
268,26.910000000001407,12.468228881130011,-5.032575724989962,2.346886035596573,5.391777513568267,0.3840000000000001,0.3772067785263062,5.997818470001221,False,0.0,0.0,0.0,32.941558546482305,18.041558546482328,0.7428867265205429,5,False
269,27.010000000001423,12.069087217877279,-4.656195993210185,2.743843748597054,5.625492065621368,0.3840000000000001,0.24887828826904299,5.986624866724014,True,0.005938691203841523,0.1,-0.09406130879615848,32.94749723768615,17.947497237686168,0.7460784661222912,5,False
270,27.11000000000144,11.553484136576499,-4.4212892204508,3.1434292225576264,5.764759865834344,0.256,-0.39969730377197266,6.0,False,0.0,0.0,0.0,32.94749723768615,17.947497237686168,0.7488507379893169,5,False
271,27.210000000001454,10.977671135996472,-4.36245578693823,3.401905386486449,5.855478227354057,0.0,-0.19322142601013184,5.999999850988388,True,0.0,0.1,-0.1,32.94749723768615,17.847497237686166,0.7521633051736191,10,False
272,27.31000000000147,10.392825483167433,-4.423426741632335,3.3363415160204557,5.911211765114423,-0.192,-0.27041709423065186,3.571694334037602,True,0.06089547860312838,0.1,-0.03910452139687162,33.00839271628928,17.808392716289294,0.7551108531251017,10,False
273,27.410000000001485,9.846924062066917,-4.469170365239297,2.907268231533265,4.960211765114419,-0.256,0.1815654754638672,6.0,True,0.03976550974391346,0.1,-0.06023449025608654,33.048158226033195,17.74815822603321,0.7579690984833726,5,False
274,27.5100000000015,9.343767791974743,-4.368158696027987,2.614581354530716,5.361197274372243,0.0,0.37874670028686525,5.988850653171539,False,0.04024876560839008,0.0,0.04024876560839008,33.088406991641584,17.788406991641597,0.7610377495122038,5,False
275,27.610000000001516,8.838303284041388,-4.156769484336301,2.7259809916240045,5.603246473710341,0.32000000000000006,0.0672558605670929,5.988145679235458,True,0.07892372181337734,0.1,-0.021076278186622666,33.16733071345496,17.767330713454975,0.7640871776562682,5,False
276,27.710000000001532,8.299290014585127,-3.9816783515068845,3.104653229307744,5.7516795861098124,0.128,-0.08725041747093201,6.0,False,0.09387636766699149,0.0,0.09387636766699149,33.26120708112195,17.861207081121965,0.7675249601623461,5,False
277,27.810000000001548,7.724161530772658,-3.9133030646431095,3.2308650318028524,5.84744224650751,-0.064,0.016593979299068452,5.999994486570358,True,0.15180662176254067,0.1,0.05180662176254067,33.41301370288449,17.913013702884506,0.7706532087215932,5,False
278,27.910000000001563,7.136670408187519,-3.903881273423165,3.148002882181139,5.9062727233466275,0.0,0.08358242511749268,5.999554455280304,False,0.1677735618538361,0.0,0.1677735618538361,33.580787264738326,18.08078726473834,0.7739979256229401,5,False
279,28.01000000000158,6.544319719240713,-3.9096489876325324,3.176766694190634,5.942246031688582,0.064,0.114884352684021,5.999268800020218,True,0.18668561482402568,0.1,0.08668561482402568,33.767472879562355,18.167472879562368,0.7772425119642544,5,False
280,28.110000000001595,5.949990890125063,-3.941401333190656,3.301966474131968,5.964236378406891,0.128,0.11144649982452393,5.999998509883881,False,0.18986888644426825,0.0,0.18986888644426825,33.95734176600662,18.357341766006638,0.780312271732838,5,False
281,28.21000000000161,5.360006716416833,-4.0309551347471055,3.462760451538815,5.978027740937574,0.128,0.1502350211143494,5.9574728310108185,True,0.18290904808486452,0.1,0.08290904808486452,34.14025081409149,18.440250814091502,0.783961305885683,5,False
282,28.310000000001626,4.788452397600103,-4.2002343107856595,3.64359256466608,5.9599656646831525,0.128,-0.17179005146026613,5.924791902303696,False,0.1481207678998496,0.0,0.1481207678998496,34.288371581991335,18.588371581991353,0.7877093450305586,5,False
283,28.41000000000164,4.253960099202034,-4.4583361318604,3.800213431724089,5.929057663601344,-0.128,0.027442419528961183,6.0,True,0.16611882939613448,0.1,0.06611882939613448,34.45449041138747,18.65449041138749,0.7911831606259138,5,False
284,28.510000000001657,3.742812408237007,-4.761385945168934,3.6663790211656337,5.956415973624812,0.0,-0.13895236253738405,6.0,False,0.19595226159516094,0.0,0.19595226159516094,34.65044267298263,18.85044267298265,0.7941622837633916,5,False
285,28.610000000001673,3.226894454545137,-5.060562942729057,3.5903932521300375,5.973223783547266,-0.128,-0.10328235626220704,5.999050796031952,True,0.18861586356502127,0.1,0.08861586356502127,34.83905853654765,18.93905853654767,0.7974726671025751,5,False
286,28.71000000000169,2.6858351870304733,-5.314076511079104,3.4140383453162886,5.983183751746868,-0.128,-0.1314562201499939,6.0,False,0.1948314532928094,0.0,0.1948314532928094,35.03388998984045,19.13388998984048,0.8008421750268598,5,False
287,28.810000000001704,2.115349508451141,-5.493506285287271,3.233807041893994,5.9896687951849,-0.128,-0.1807877540588379,6.0,True,0.18576282397396965,0.1,0.08576282397396964,35.21965281381442,19.21965281381445,0.8041289529785308,10,False
288,28.91000000000172,1.522389521647419,-5.573081155066011,3.016584859687662,5.993652936652403,-0.192,0.09448262453079224,5.999990463256836,True,0.16077295625779042,0.1,0.06077295625779042,35.38042577007221,19.280425770072238,0.807425469624976,5,False
289,29.010000000001735,0.9251836195890488,-5.533353723556201,2.8049900746218723,5.996096950007865,0.064,0.16680284738540652,5.999869167804718,False,0.16514184992679556,0.0,0.16514184992679556,35.545567619999005,19.445567619999032,0.8105496001696669,5,False
290,29.11000000000175,0.3377167968266405,-5.413453558474156,2.8935251943308544,5.997551673790605,0.192,0.12457305192947388,5.999944269657135,True,0.17113900888792222,0.1,0.07113900888792221,35.716706628886925,19.516706628886954,0.814031768659663,5,False
291,29.210000000001767,-0.2524948905795113,-5.30792791937926,3.1372709710152358,5.998474358083233,0.128,-0.1250699758529663,5.9998632073402405,False,0.19046931554518817,0.0,0.19046931554518817,35.90717594443211,19.70717594443214,0.8173520640534239,5,False
292,29.310000000001782,-0.8511529124637186,-5.277496181500224,3.275547075745865,5.9990099560135794,-0.128,-0.06304506063461304,5.408594220876694,True,0.14527825781649126,0.1,0.04527825781649125,36.052454202248605,19.752454202248632,0.8202444436751403,5,False
293,29.410000000001798,-1.4198105792727829,-5.293002554216686,3.211303307233052,5.482773409164473,-0.064,-0.33604204654693604,3.373333014547825,False,0.0,0.0,0.0,36.052454202248605,19.752454202248632,0.822739013233428,5,False
294,29.510000000001813,-1.9250108608823129,-5.305267200738599,3.048934166024412,4.531773409164469,-0.32000000000000006,-0.19967982769012452,2.647418662905693,True,0.0,0.1,-0.1,36.052454202248605,19.65245420224863,0.8255967444187098,5,False
295,29.61000000000183,-2.3282761094901208,-5.237526937237598,2.5148682683011967,3.580773409164467,-0.192,0.14666149616241456,5.979253709316254,False,0.07948367611888885,0.0,0.07948367611888885,36.131937878367495,19.73193787836752,0.8277164664467369,5,False
296,29.710000000001845,-2.6666960206318935,-5.027293971959883,2.43483585999938,4.472002066640759,0.064,0.15725020170211793,5.923244267702103,True,0.05813025114285977,0.1,-0.04186974885714023,36.19006812951036,19.69006812951038,0.8303272320005906,5,False
297,29.81000000000186,-3.0463407628713135,-4.74252226597983,2.5525781121937623,5.031661306402269,0.128,0.3978957891464234,5.9694424867630005,False,0.034008030480158075,0.0,0.034008030480158075,36.22407615999052,19.72407615999054,0.8325360281012136,5,False
298,29.910000000001876,-3.488426205906412,-4.467750682707843,2.726951738157394,5.393308660702956,0.3840000000000001,0.3939408302307129,5.924072772264481,True,0.04984753850342122,0.1,-0.05015246149657879,36.27392369849394,19.673923698493958,0.8351042149691432,10,False
299,30.01000000000189,-4.002872335592168,-4.280133675300874,3.1369675809564166,5.597993336322212,0.3840000000000001,0.3464006662368775,5.999992549419403,True,0.04584524743751933,0.1,-0.054154752562480674,36.31976894593146,19.619768945931476,0.8381489242845752,10,False
300,30.110000000001907,-4.567012080998019,-4.269929220597988,3.5837554639773463,5.753020921533118,0.32000000000000006,0.10535963773727418,5.999765008687973,True,0.01944994577147635,0.1,-0.08055005422852365,36.339218891702934,19.53921889170295,0.8408314566467717,5,False
301,30.210000000001923,-5.108308341215229,-4.469605493732597,3.9397027641079596,5.848175684901866,0.128,0.13922983407974243,6.0,False,0.042546758755675845,0.0,0.042546758755675845,36.38176565045861,19.581765650458628,0.8439064094573488,5,False
302,30.31000000000194,-5.572607497028763,-4.827192605700925,4.103728290240351,5.9067254436554295,0.128,0.13578299283981324,6.0,True,0.054426968841247675,0.1,-0.04557303115875233,36.43619261929986,19.536192619299875,0.8465369010815476,5,False
303,30.410000000001954,-5.947929743961421,-5.284292584671202,4.277152838931876,5.942695984792338,0.128,0.006174718216061592,5.99855175614357,False,0.051683226328116394,0.0,0.051683226328116394,36.487875845627975,19.58787584562799,0.8494159305006758,5,False
304,30.51000000000197,-6.233948046863855,-5.805691857500488,4.419179241473443,5.964236289028158,0.0,0.0017441408708691597,6.0,True,0.07812549437863077,0.1,-0.021874505621369236,36.56600134000661,19.566001340006622,0.8524762704154883,5,False
305,30.610000000001985,-6.453263877616853,-6.360826828560077,4.437582612594404,5.978028260677628,0.0,-0.3147652387619019,6.0,False,0.040871909913668125,0.0,0.040871909913668125,36.60687324992028,19.60687324992029,0.8554634269480601,5,False
306,30.710000000002,-6.641313628804327,-6.928707883387499,4.394949945674112,5.9865014754975965,-0.256,-0.26183547973632815,4.566019311547279,True,0.10731527152640398,0.1,0.007315271526403974,36.71418852144668,19.614188521446696,0.8587370850475289,10,False
307,30.810000000002017,-6.860146799558539,-7.438771268781289,3.9127508828304873,5.035501475497592,-0.256,0.24853389263153078,6.0,True,0.07450897346946622,0.1,-0.025491026530533784,36.78869749491614,19.58869749491616,0.8616439225496171,5,False
308,30.910000000002032,-7.206256505166687,-7.824870495934851,3.602670934935864,5.407452146846143,0.0,0.35514674186706546,5.719056189060211,False,0.08441692262930672,0.0,0.08441692262930672,36.87311441754545,19.673114417545467,0.864755145502872,5,False
309,31.010000000002048,-7.653696005039325,-8.138636169189521,3.713834504868173,5.5276196014892065,0.32000000000000006,0.19819083213806155,5.084410220384598,True,0.1497446026416267,0.1,0.049744602641626695,37.02285902018708,19.722859020187094,0.8674792411821147,5,False
310,31.110000000002064,-8.059535576754078,-8.476195535211039,4.180879299643188,5.138161235253992,0.192,-0.2984495162963867,5.763834476470947,False,0.0,0.0,0.0,37.02285902018708,19.722859020187094,0.8704017799890268,5,False
311,31.21000000000208,-8.356709208872573,-8.907788517505029,4.389590930879666,5.379446811336685,-0.064,-0.058496910333633426,5.9250346422195435,True,0.0,0.1,-0.1,37.02285902018708,19.622859020187093,0.873487196643047,5,False
312,31.310000000002095,-8.59241307434562,-9.40270206831169,4.29408240453588,5.589848128519802,-0.064,-0.25940086841583254,4.274250999093056,False,0.06613022102657568,0.0,0.06613022102657568,37.08898924121365,19.68898924121367,0.8764198811236364,5,False
313,31.41000000000211,-8.818565849946244,-9.866497952339717,4.1049487272566285,4.646513734502832,-0.256,-0.2036993741989136,3.662892136722803,True,0.11283321375959779,0.1,0.012833213759597784,37.201822454973254,19.701822454973268,0.8786140092877398,1,False
314,31.510000000002126,-9.074612531344709,-10.201699926869244,3.598340768971437,3.8405088593254844,-0.192,0.14508246183395387,5.949480444192886,False,0.0,0.0,0.0,37.201822454973254,19.701822454973268,0.8807302532235942,1,False
315,31.61000000000214,-9.43658190599161,-10.418700159728933,3.5313041443048956,4.650026871570031,0.064,-0.03128553330898285,4.3446720987558365,False,0.026705210167940113,0.0,0.026705210167940113,37.22852766514119,19.728527665141208,0.8854480749773725,1,False
316,31.710000000002157,-9.841057065358612,-10.612652819640578,3.610695418213173,4.381704548053434,0.0,-0.03128553330898285,4.3446720987558365,False,0.0,0.0,0.0,37.22852766514119,19.728527665141208,0.8878322161566297,1,False
317,31.810000000002173,-10.23292003948707,-10.804208702854941,3.602012894483166,4.349163275652598,0.0,-0.03128553330898285,4.3446720987558365,False,0.0,0.0,0.0,37.22852766514119,19.728527665141208,0.8909027529779062,1,False
318,31.91000000000219,-10.623874357772095,-10.994195672198952,3.5824861080327333,4.3452167743120205,0.0,-0.03128553330898285,4.3446720987558365,False,0.0,0.0,0.0,37.22852766514119,19.728527665141208,0.8924099017596399,1,False
319,32.0100000000022,-11.017339500815144,-11.178490402847691,3.563844411582554,4.34473815526359,0.0,-0.03128553330898285,4.3446720987558365,False,0.0,0.0,0.0,37.22852766514119,19.728527665141208,0.8932761637631622,1,False
320,32.11000000000218,-11.413942187832953,-11.355876518299855,3.545589557481032,4.344680109877626,0.0,-0.03128553330898285,4.3446720987558365,False,0.0,0.0,0.0,37.22852766514119,19.728527665141208,0.8941832128034074,1,False
321,32.13000000000218,-11.813678985997292,-11.526075162838637,3.5274143721744706,4.344673070319041,0.0,-0.03128553330898285,4.3446720987558365,False,-1,0.0,-1.0,36.22852766514119,18.728527665141208,0.8943695154136967,1,False
