step,lap_time,x,y,yaw,velocity,steering_state,commanded_steering,commanded_speed,frame_consumed,inst_nav_reward,inst_frame_penalty,inst_adaptive_reward,cumulative_nav_reward,cumulative_adaptive_reward,progress,current_fps,budget_penalty_applied
0,0.10999999999999999,0.0,0.0,0.0,0.0,0.0,0,7,True,0.0,0.075,-0.075,0.0,-0.075,0.00016940789016156344,5,False
1,0.21000000000000005,0.04022730000000001,0.0,0.0,0.9224699999999999,0.0,0,7,False,0.0,0.0,0.0,0.0,-0.075,0.0007381057720278045,5,False
2,0.3100000000000001,0.17526929999999996,0.0,0.0,1.8734699999999995,0.0,0.0776578724384308,6.0,True,0.19800191015202068,0.075,0.12300191015202068,0.19800191015202068,0.04800191015202068,0.001684506717437538,5,False
3,0.4100000000000002,0.40539194738242845,0.002112938553393111,0.015072179315557334,2.8244699999999994,0.064,0.06728741526603699,6.0,False,0.19972015151541422,0.0,0.19972015151541422,0.3977220616674349,0.2477220616674349,0.0030753265978226575,5,False
4,0.5100000000000002,0.7302616515122632,0.017264948041383923,0.0618154581380754,3.775469999999999,0.064,0.06994501948356628,6.0,True,0.19680277837953683,0.075,0.12180277837953683,0.5945248400469717,0.3695248400469717,0.004830150739788539,5,False
5,0.6100000000000003,1.1469591095750549,0.05317518600382927,0.11490501648327221,4.621125868441667,0.064,-0.07503167390823365,5.99908909201622,False,0.17251389682164783,0.0,0.17251389682164783,0.7670387368686196,0.5420387368686196,0.0068911068818107695,5,False
6,0.7100000000000004,1.6313991587653305,0.11318371561951439,0.14092548443055103,5.152525692372543,-0.064,-0.11145466566085815,5.996476173400879,True,0.16849168823478358,0.075,0.09349168823478358,0.9355304251034031,0.6355304251034032,0.009115162524523301,5,False
7,0.8100000000000005,2.1595195046994244,0.1698131188290402,0.04492597493259983,5.477988033712433,-0.128,-0.023608008027076723,5.9999262392520905,False,0.18318174895630082,0.0,0.18318174895630082,1.118712174059704,0.818712174059704,0.011461375305747099,5,False
8,0.9100000000000006,2.716647070151734,0.1910512274285509,6.226871451041087,5.67926907357,0.0,-0.03668331801891327,5.999661594629288,True,0.16974635098514934,0.075,0.09474635098514934,1.2884585250448533,0.9134585250448534,0.01387747551202406,5,False
9,1.0100000000000007,3.2903699807863718,0.17650741222599844,6.197654347402513,5.802825730501682,-0.064,0.05787173509597779,5.999998956918716,False,0.18724907460130494,0.0,0.18724907460130494,1.4757075996461582,1.1007075996461584,0.016330382632421238,5,False
10,1.1100000000000008,3.8728329965895236,0.13439001524253855,6.171282392192069,5.878863912079629,0.064,0.060452347993850714,6.0,True,0.18017669440457354,0.075,0.10517669440457354,1.6558842940507317,1.205884294050732,0.018807862604429234,10,False
11,1.2100000000000009,4.461131038569209,0.08742686908553404,6.2357370578063005,5.9255790164389275,0.064,0.044859543442726135,6.0,True,0.1767831822618573,0.075,0.1017831822618573,1.832667476312589,1.3076674763125893,0.021306260445489028,10,False
12,1.310000000000001,5.054396200987646,0.05984962830836334,0.02392878401581409,5.954278837221174,0.064,0.046317631006240846,6.0,True,0.18005701864338142,0.075,0.10505701864338142,2.0127244949559704,1.4127244949559707,0.02381691112297069,5,False
13,1.410000000000001,5.650570900418342,0.06535892201246724,0.09148621496316067,5.971910815662192,0.064,-0.06823238134384156,5.999538213014603,False,0.15665724519663543,0.0,0.15665724519663543,2.169381740152606,1.5693817401526062,0.02632825532735949,5,False
14,1.5100000000000011,6.246910283530088,0.10515390588994755,0.1233190553002966,5.982565087008168,-0.064,-0.09204053282737733,5.999334365129471,True,0.15516181161888676,0.075,0.08016181161888676,2.3245435517714927,1.649543551771493,0.028842147633048366,5,False
15,1.6100000000000012,6.8438547343003195,0.14901670261470226,0.016000330289430743,5.989032016813443,-0.064,0.03657009601593018,5.999999850988388,False,0.17853500828202126,0.0,0.17853500828202126,2.503078560053514,1.828078560053514,0.03136414266220788,5,False
16,1.7100000000000013,7.442723243551885,0.16335101832380555,6.2253012318364584,5.993261668991205,0.064,0.02964069247245789,6.0,True,0.1695320387600111,0.075,0.09453203876001111,2.672610598813525,1.9226105988135251,0.03388848504085528,5,False
17,1.8100000000000014,8.04214915028927,0.15813857688920352,6.275264318516306,5.9958602491640285,0.0,0.03676913380622864,6.0,False,0.1746519522704022,0.0,0.1746519522704022,2.8472625510839276,2.0972625510839276,0.03641375331508398,5,False
18,1.9100000000000015,8.641794918564877,0.15685063404057495,0.036993734593012875,5.997456708944461,0.064,0.03375544548034668,6.0,True,0.1773318481187522,0.075,0.10233184811875219,3.02459439920268,2.1995943992026796,0.03893779265961248,5,False
19,2.010000000000001,9.241148867352726,0.17822896401663965,0.10624857435491505,5.998437507557948,0.064,-0.10247664451599121,5.997072815895081,False,0.15077913175732083,0.0,0.15077913175732083,3.175373530960001,2.3503735309600007,0.041454165465697995,5,False
20,2.109999999999999,9.838682333389663,0.2295198929596445,0.13919994884121806,5.997238321331089,-0.128,-0.13617101907730103,5.978771060705185,True,0.1471854982644118,0.075,0.0721854982644118,3.3225590292244127,2.4225590292244124,0.04396762153708679,5,False
21,2.209999999999997,10.435523196729328,0.27599386510340257,6.258811592743439,5.981010710953621,-0.128,-0.042683047056198124,6.0,False,0.1597309914964464,0.0,0.1597309914964464,3.482290020720859,2.582290020720859,0.04648592282994854,5,False
22,2.3099999999999947,11.03351459784839,0.26449095241418324,6.083869270683165,5.98833376913339,-0.064,0.002630887180566788,6.0,True,0.15417766715966008,0.075,0.07917766715966008,3.6364676878805193,2.661467687880519,0.04898566130748973,5,False
23,2.4099999999999926,11.62709810545061,0.18535894351956142,6.036409645397401,5.992832752068778,0.0,0.2790201425552368,5.9999988079071045,False,0.18586376716323588,0.0,0.18586376716323588,3.8223314550437553,2.8473314550437547,0.05146556762787825,5,False
24,2.5099999999999905,12.215972303854384,0.07348231544908118,6.1022673854194265,5.995596280692486,0.256,0.16522046327590945,6.0,True,0.18652707710687413,0.075,0.11152707710687414,4.008858532150629,2.9588585321506287,0.05397218977166562,10,False
25,2.6099999999999883,12.81119039475093,0.004873431428513354,0.11361405429944171,5.997294537673963,0.192,-0.06599456667900086,6.0,True,0.1489060709504831,0.075,0.07390607095048311,4.157764603101112,3.032764603101112,0.056488608449861935,5,False
26,2.709999999999986,13.408734753498717,0.043570290549917824,0.34530312616554265,5.998337876261751,-0.064,-0.11032631397247315,5.99999538064003,False,0.1635909065723506,0.0,0.1635909065723506,4.321355509673463,3.1963555096734626,0.05895997319373017,5,False
27,2.809999999999984,13.995580684146915,0.16713100546787077,0.27486591728830506,5.9989770787598395,-0.128,-0.2203162670135498,5.999371767044067,True,0.145569457722454,0.075,0.070569457722454,4.466924967395917,3.2669249673959166,0.06143263026927161,10,False
28,2.909999999999982,14.582733489604003,0.2891793821846661,0.05276441859213786,5.999129286947371,-0.192,0.13315967321395875,5.796036183834076,True,0.15634919801545516,0.075,0.08134919801545516,4.623274165411372,3.3482741654113717,0.06390527788582477,5,False
29,3.00999999999998,15.169884048946352,0.32348832730816074,6.04449827134863,5.82066666520635,0.064,0.1500213384628296,5.999998956918716,False,0.1949996718859034,0.0,0.1949996718859034,4.8182738372972755,3.543273837297275,0.06636054901852646,5,False
30,3.1099999999999777,15.752908418958487,0.2720351464091604,6.131304194306464,5.889824641711604,0.128,0.10289343595504762,6.0,True,0.1976423322985328,0.075,0.12264233229853282,5.015916169595808,3.665916169595808,0.06884035853578285,5,False
31,3.2099999999999755,16.341759630660558,0.22269375490881488,0.055798429468447555,5.932312833699848,0.128,-0.11577494144439698,6.0,False,0.1666412301870236,0.0,0.1666412301870236,5.182557399782832,3.8325573997828313,0.07134185989764286,5,False
32,3.3099999999999734,16.935761749676278,0.23727970805367257,0.1837798130194728,5.958415814997835,-0.128,-0.08409241437911988,5.6565790474414825,True,0.1552798953967427,0.075,0.0802798953967427,5.3378372951795745,3.912837295179574,0.07379935307046333,10,False
33,3.4099999999999713,17.513158445800606,0.28769583305695695,0.0884878591972394,5.693184844323796,-0.064,-0.12885894775390624,5.78453516960144,True,0.15065538951954965,0.075,0.07565538951954966,5.488492684699124,3.9884926846991235,0.07619944454062698,10,False
34,3.509999999999969,18.083079950080222,0.32097839529293903,6.225214963501681,5.728413322078553,-0.128,0.05530082583427429,5.797923415899277,True,0.16923992927346115,0.075,0.09423992927346116,5.657732613972585,4.082732613972585,0.07861330898140273,5,False
35,3.609999999999967,18.6562719597665,0.29323832148337753,6.080728328634686,5.755219299905691,0.064,0.02768515944480896,5.719778150320053,False,0.1890029325636204,0.0,0.1890029325636204,5.846735546536205,4.271735546536205,0.08100957390328187,5,False
36,3.709999999999965,19.225284818612547,0.22117408096108182,6.116627641926149,5.724076339482066,0.0,0.04038816690444946,5.560438543558121,True,0.1868752212546773,0.075,0.11187522125467729,6.033610767790883,4.383610767790882,0.08335850100960185,5,False
37,3.8099999999999627,19.78305692293396,0.14033764594142253,6.162797300842974,5.5802840115849515,0.064,0.08404992222785951,5.018693417310715,False,0.16686709927443358,0.0,0.16686709927443358,6.200477867065317,4.550477867065316,0.08557001398949131,5,False
38,3.9099999999999606,20.308198910187702,0.08317219920835181,6.273274313114886,5.088555711545287,0.064,0.14971401691436767,4.932458311319351,True,0.14911198587972355,0.075,0.07411198587972355,6.34958985294504,4.62458985294504,0.08758373941572797,5,False
39,4.009999999999959,20.808271404832137,0.07695350127704374,0.14005168985501298,4.951389304295418,0.128,-0.16254475116729739,5.18934553861618,False,0.14448787610602223,0.0,0.14448787610602223,6.494077729051062,4.769077729051062,0.08978749642436164,5,False
40,4.109999999999957,21.303519564716428,0.14058932686117348,0.2617188923885194,5.043155106791428,-0.128,-0.23732378482818606,3.6140200067311525,True,0.10097815192711461,0.075,0.025978151927114612,6.595055880978177,4.795055880978177,0.0917073383912727,5,False
41,4.209999999999955,21.759401865604936,0.21169974662931382,0.05168388573676015,4.092155106791424,-0.256,-0.23060443401336672,3.623832281678915,False,0.116665366447093,0.0,0.116665366447093,6.71172124742527,4.9117212474252705,0.09334435225087957,5,False
42,4.3099999999999525,22.141968985344363,0.20315726864658415,5.967950140506512,3.680628974640515,-0.256,-0.17558301687240602,3.188510149717331,True,0.07838824404285714,0.075,0.003388244042857147,6.790109491468128,4.915109491468128,0.09469289965659503,5,False
43,4.40999999999995,22.46219268332089,0.08866043552274187,5.666506642727432,3.2481927453565045,-0.192,0.12804911136627198,5.039715826511383,False,0.07147951409226597,0.0,0.07147951409226597,6.861589005560393,4.986589005560393,0.09594793301528386,5,False
44,4.509999999999948,22.754055383431517,-0.11916106832900875,5.588393227445461,3.9390784189408796,0.064,0.12395011186599732,5.309737384319305,True,0.048722461087635005,0.075,-0.026277538912364992,6.910311466648029,4.960311466648029,0.09754794096122785,5,False
45,4.609999999999946,23.08629505155013,-0.3757430219373008,5.658103360288889,4.467661417681531,0.128,-0.009892900288105012,4.19097712635994,False,0.18078659047700216,0.0,0.18078659047700216,7.091098057125031,5.14109805712503,0.09925420828345909,5,False
46,4.709999999999944,23.443153279238334,-0.6188552154043545,5.763179990253046,4.22453251144653,0.0,-0.15508443117141724,3.6638523675501347,True,0.148713274974099,0.075,0.073713274974099,7.23981133209913,5.21481133209913,0.10119853849094369,5,False
47,4.809999999999942,23.776123031487295,-0.8272329793377395,5.732643809094865,3.733578311442464,-0.128,-0.2827851533889771,5.408573806285858,False,0.030932829605372247,0.0,0.030932829605372247,7.270744161704502,5.2457441617045015,0.10361586382449635,5,False
48,4.90999999999994,24.10612657423151,-1.0616972391265678,5.587052697622593,4.3795261102057825,-0.256,-0.02310297191143036,3.44031747803092,True,0.1050162693241,0.075,0.03001626932410001,7.375760431028602,5.275760431028601,0.10544483439347509,5,False
49,5.009999999999938,24.391746914502292,-1.337184335124762,5.264919493378384,3.601803167746586,0.0,-0.19629013538360596,3.5910354033112526,False,0.12367049644097594,0.0,0.12367049644097594,7.499430927469578,5.399430927469577,0.10705270934839303,5,False
50,5.1099999999999355,24.595021257767186,-1.6330807482337926,5.174333009161429,3.5923412833105237,-0.192,-0.17025543451309205,4.601925224065781,True,0.13305618841825242,0.075,0.05805618841825243,7.63248711588783,5.4574871158878295,0.10863403062612938,5,False
51,5.209999999999933,24.74737525852057,-1.9789597393713276,5.027556605211704,3.981678762847224,-0.192,-0.1414562702178955,4.279730677604675,False,0.16406259742045465,0.0,0.16406259742045465,7.796549713308285,5.621549713308284,0.1103513916854138,5,False
52,5.309999999999931,24.85588133651793,-2.3675773295331033,4.870899948465706,4.09661995453847,-0.128,-0.1614514231681824,4.53671208024025,True,0.12758486433223853,0.075,0.05258486433223854,7.924134577640523,5.6741345776405225,0.11206631717809389,5,False
53,5.409999999999929,24.909767991556887,-2.7816738151678186,4.717457605882264,4.266337748243171,-0.192,0.142783784866333,4.15746933221817,False,0.16387901379846043,0.0,0.16387901379846043,8.088013591438983,5.838013591438983,0.11386226076165347,5,False
54,5.509999999999927,24.900116286440706,-3.2019803287786504,4.549910404318803,4.170672545187135,0.064,0.23013212680816653,4.909445703029633,True,0.17281177421558325,0.075,0.09781177421558325,8.260825365654567,5.9358253656545665,0.11569625319356858,5,False
55,5.609999999999925,24.86244526901467,-3.6313213853593647,4.662648289966541,4.455574144363319,0.256,0.25728957653045653,4.903450071811676,False,0.19215129110146975,0.0,0.19215129110146975,8.452976656756036,6.1279766567560365,0.11749404611650109,5,False
56,5.709999999999923,24.876991554091994,-4.084421102630347,4.934380575955743,4.628293695159123,0.256,0.35418612957000734,2.708717569708824,True,0.0,0.075,-0.075,8.452976656756036,6.052976656756036,0.1192538838048066,5,False
57,5.809999999999921,24.990523406681834,-4.486787238875342,5.4654836009350545,3.677293695159121,0.3840000000000001,-0.05224583745002747,5.998322427272797,False,0.07933265880927437,0.0,0.07933265880927437,8.53230931556531,6.132309315565311,0.12075647305210267,5,False
58,5.909999999999918,25.265525249467668,-4.785820163654633,5.683447603143924,4.54956533876536,0.128,0.06445515155792236,5.9967873096466064,True,0.1079547784889042,0.075,0.0329547784889042,8.640264094054215,6.165264094054216,0.1229626603295086,5,False
59,6.009999999999916,25.65742771355345,-5.0666875992461815,5.726141824763956,5.107674210873137,0.064,-0.0444281816482544,5.999999850988388,False,0.10232107389495816,0.0,0.10232107389495816,8.742585167949173,6.267585167949174,0.12536940870228408,5,False
60,6.109999999999914,26.104098851824467,-5.3474949192295576,5.753887185085303,5.451792021808747,-0.064,-0.07421771287918091,5.99880313873291,True,0.10123888707754315,0.075,0.026238887077543155,8.843824055026715,6.293824055026717,0.12804876206153304,5,False
61,6.209999999999912,26.574679099918743,-5.6426724597209175,5.678613084612912,5.662742217175848,-0.064,0.11188027858734131,5.999968111515045,False,0.0796471905130359,0.0,0.0796471905130359,8.923471245539751,6.373471245539753,0.13082992540577007,5,False
62,6.30999999999991,27.046194620851537,-5.9675677915784835,5.62731771912782,5.792790521666817,0.128,0.1222916841506958,5.999999850988388,True,0.08786428269822785,0.075,0.012864282698227855,9.011335528237979,6.386335528237981,0.13290782245714958,5,False
63,6.409999999999908,27.527977898621042,-6.296110182669101,5.765989858895819,5.872699041164661,0.128,0.027192851901054384,5.999994188547134,False,0.11176728274672708,0.0,0.11176728274672708,9.123102810984706,6.498102810984708,0.13540674809916348,5,False
64,6.509999999999906,28.03912617067395,-6.589698512277493,5.895406314875734,5.921789334540435,0.0,-0.027863073348999026,5.999902248382568,True,0.130388113456687,0.075,0.055388113456686996,9.253490924441394,6.5534909244413955,0.1379456453806536,5,False
65,6.6099999999999035,28.575424165588018,-6.844091132400102,5.902357132485909,5.951912916906268,0.0,-0.14383262395858765,5.998530447483063,False,0.15135909932815564,0.0,0.15135909932815564,9.40485002376955,6.704850023769551,0.14060298210150135,5,False
66,6.709999999999901,29.120400988636906,-7.085523491613491,5.837001461246875,5.9698905719820985,-0.128,-0.0036810968071222306,5.615110605955124,True,0.149422707270247,0.075,0.07442270727024701,9.554272731039797,6.779272731039798,0.14290825607784455,5,False
67,6.809999999999899,29.63454160097698,-7.349032782772766,5.6565764229936235,5.658137184457933,0.0,0.16459550857543948,5.3387942016124725,False,0.11710414478855313,0.0,0.11710414478855313,9.67137687582835,6.896376875828351,0.14525968993881463,5,False
68,6.909999999999897,30.100093439865717,-7.639143404443344,5.642080825680173,5.377523096241423,0.192,0.1334044337272644,4.76178964972496,True,0.08721625565989924,0.075,0.012216255659899242,9.75859313148825,6.90859313148825,0.147294440185677,5,False
69,7.009999999999895,30.53226469689735,-7.901627203945523,5.877104091150028,4.840486233560963,0.128,-0.0789385199546814,4.537477925419807,False,0.11948773192144364,0.0,0.11948773192144364,9.878080863409695,7.028080863409694,0.1493578183019842,5,False
70,7.109999999999893,30.960199292316037,-8.089328210560183,6.062644787222221,4.574225802993728,-0.064,-0.0843650758266449,4.177321627736092,True,0.07576338718838159,0.075,0.0007633871883815924,9.953844250598076,7.028844250598076,0.15117368206380025,5,False
71,7.209999999999891,31.374828667124167,-8.224243679490336,6.0103786485332895,4.22545689547981,-0.064,-0.3211737632751465,5.515538662672043,False,0.11994280637833757,0.0,0.11994280637833757,10.073787056976414,7.148787056976413,0.15303673991999486,5,False
72,7.309999999999889,31.798608865601835,-8.365916280282974,5.896929853108469,4.72296598150898,-0.32000000000000006,-0.17419751882553103,3.4731076089665294,True,0.04352797025444399,0.075,-0.031472029745556004,10.117315027230859,7.117315027230857,0.15480152242962397,5,False
73,7.4099999999998865,32.180607225007016,-8.560476278638202,5.469984576609484,3.7938203718412606,-0.192,-0.12905986309051515,4.322964012622833,False,0.14414871387910522,0.0,0.14414871387910522,10.261463741109964,7.261463741109963,0.15639498396322038,5,False
74,7.509999999999884,32.45665300474451,-8.832564197125933,5.268738542901749,3.9978801266553607,-0.128,-0.04078731536865235,4.521332144737244,True,0.16104867128814107,0.075,0.08604867128814107,10.422512412398104,7.347512412398104,0.15807880207896066,5,False
75,7.609999999999882,32.67721783175625,-9.177454349974767,5.18446322345884,4.199744955473795,-0.064,0.10638216733932496,5.099343568086624,False,0.10069866359438706,0.0,0.10069866359438706,10.523211075992492,7.448211075992491,0.15992075212908088,5,False
76,7.70999999999988,32.882117981872184,-9.563384019071846,5.179900393426711,4.546667526535469,0.128,0.12707974910736083,5.390279054641724,True,0.06314681222243486,0.075,-0.011853187777565138,10.586357888214927,7.436357888214926,0.1620104417583482,5,False
77,7.809999999999878,33.112543369612055,-9.973634999547519,5.289841101798572,4.871999153557273,0.128,-0.0290099710226059,4.796489387750626,False,0.1482552069561578,0.0,0.1482552069561578,10.734613095171085,7.5846130951710835,0.1640284765856937,5,False
78,7.909999999999876,33.38101503739476,-10.375160328072804,5.396321432993499,4.805646970414021,0.0,-0.10161144733428956,4.137628361582756,True,0.13253369496002887,0.075,0.05753369496002887,10.867146790131114,7.642146790131112,0.1658808270720751,5,False
79,8.009999999999874,33.64709042604064,-10.733897270839437,5.375276635201475,4.225994370215256,-0.128,-0.32327659130096437,5.490024745464325,False,0.07984167344910134,0.0,0.07984167344910134,10.946988463580215,7.721988463580213,0.1677426069766268,5,False
80,8.109999999999872,33.899460336574336,-11.101988884088655,5.22359225754966,4.713456958010722,-0.32000000000000006,-0.1850217580795288,3.5866215582937,True,0.09247929087165427,0.075,0.01747929087165427,11.03946775445187,7.7394677544518675,0.1694841069036713,5,False
81,8.20999999999987,34.076887024539964,-11.491428832314918,4.765740654369931,3.8315063305119317,-0.192,0.05152069926261902,5.323339462280273,False,0.06936586426735233,0.0,0.06936586426735233,11.108833618719222,7.80883361871922,0.1711334848464757,5,False
82,8.309999999999867,34.12269989936537,-11.898821183859763,4.653636098160188,4.406819118250532,0.064,0.10318746566772462,5.427204877138138,True,0.05502551416585562,0.075,-0.01997448583414438,11.163859132885078,7.788859132885076,0.17309638086021426,10,False
83,8.409999999999865,34.12483034007506,-12.358771921138239,4.742313704722711,4.80032222728696,0.128,-0.0404024213552475,4.715981096029282,True,0.15420310978609794,0.075,0.07920310978609794,11.318062242671175,7.868062242671174,0.1751213844667822,5,False
84,8.509999999999863,34.1508641724214,-12.83346969308522,4.848264127304996,4.726209718422234,-0.064,-0.25879769325256347,5.007605463266373,False,0.130557008610376,0.0,0.130557008610376,11.448619251281551,7.99861925128155,0.17707364704829529,5,False
85,8.60999999999986,34.18919223362971,-13.309836057850019,4.7525254217487705,4.834727599528792,-0.256,-0.2548983573913574,3.1351857110857964,True,0.04847740623332042,0.075,-0.026522593766679578,11.497096657514872,7.972096657514871,0.17900407223146864,5,False
86,8.709999999999859,34.17028343390654,-13.749289881837065,4.326998657501507,3.8837275995287888,-0.256,0.08136038184165956,5.3855807185173035,False,0.0694694043629772,0.0,0.0694694043629772,11.566566061877849,8.041566061877848,0.18068020381523567,5,False
87,8.809999999999857,34.02268307898514,-14.13712216218606,4.1426704408558335,4.462904510310366,0.0,0.10722776651382447,5.174359291791916,True,0.1060171550367575,0.075,0.031017155036757504,11.672583216914607,8.072583216914605,0.18255169114842573,10,False
88,8.909999999999854,33.79972318651602,-14.539162288699742,4.210570265481314,4.737271009463615,0.128,0.11758675575256348,5.271065145730972,True,0.09001935028344213,0.075,0.015019350283442132,11.76260256719805,8.087602567198047,0.18453996984959728,10,False
89,9.009999999999852,33.58329763812098,-14.97172027498665,4.338841273607779,4.943124188398228,0.128,-0.03983673751354218,4.3577704429626465,True,0.17543101098850125,0.075,0.10043101098850125,11.93803357818655,8.188033578186548,0.18671019560849092,5,False
90,9.10999999999985,33.41628545242891,-15.40392762378441,4.486492500835799,4.4311915404801825,-0.064,-0.21462724208831788,4.647556155920029,False,0.1719367869478666,0.0,0.1719367869478666,12.109970365134417,8.359970365134416,0.1885900388850415,5,False
91,9.209999999999848,33.282594560602625,-15.830666875913526,4.398085160466636,4.514630718378811,-0.192,-0.23196952342987062,2.973341256380081,True,0.024464861911683178,0.075,-0.05053513808831682,12.134435227046101,8.309435227046098,0.19030456104415172,5,False
92,9.309999999999846,33.12525268916789,-16.207180428107687,4.049535418806574,3.563630718378809,-0.256,0.02994819283485413,5.52717661857605,False,0.07672332060200203,0.0,0.07672332060200203,12.211158547648102,8.3861585476481,0.19193774421491552,5,False
93,9.409999999999844,32.880496013849964,-16.513882281149687,3.8980567572268425,4.320855532360612,0.0,0.09210438132286072,5.09976452589035,True,0.12072314122844194,0.075,0.04572314122844194,12.331881688876544,8.43188168887654,0.19396179596006263,10,False
94,9.509999999999842,32.56636585821059,-16.831612098713844,3.9321077252339203,4.621235175981402,0.064,0.12168581485748292,5.117208123207092,True,0.11523717626540707,0.075,0.04023717626540707,12.44711886514195,8.472118865141947,0.1959450816216529,10,False
95,9.60999999999984,32.24555649733109,-17.177024530479432,4.033379711923205,4.812502934308445,0.128,-0.029231885075569154,4.79871666431427,True,0.1816216798987768,0.075,0.10662167989877681,12.628740545040728,8.578740545040723,0.19838281397531674,5,False
96,9.709999999999837,31.94803527327791,-17.554180563604394,4.1362495680732385,4.800388619004407,0.0,-0.22974243164062502,5.246996641159058,False,0.14905688519064875,0.0,0.14905688519064875,12.777797430231377,8.727797430231373,0.20023532744563444,5,False
97,9.809999999999835,31.663967140993574,-17.951555713259904,4.085512704788046,4.972619212882994,-0.256,-0.21226191520690918,3.070990428328514,True,0.0,0.075,-0.075,12.777797430231377,8.652797430231374,0.20207145493501288,5,False
98,9.909999999999833,31.369394444395564,-18.296936621591872,3.727618624906118,4.02161921288299,-0.192,-0.04185791313648224,5.673508256673813,False,0.1341470665640745,0.0,0.1341470665640745,12.911944496795451,8.786944496795448,0.20389047771057195,5,False
99,10.009999999999831,31.014447685418574,-18.543577570800725,3.5836781524072774,4.658656204876625,-0.064,0.051056033372879034,4.95509198307991,True,0.1528020899004306,0.075,0.0778020899004306,13.064746586695883,8.864746586695878,0.20586422269267524,10,False
100,10.109999999999829,30.596126508544916,-18.7609411046924,3.587555938105031,4.772974147220108,0.064,0.09485623240470886,5.1553424298763275,True,0.15096024671684358,0.075,0.07596024671684358,13.215706833412726,8.94070683341272,0.2079433503945028,10,False
101,10.209999999999827,30.16576187039389,-18.98348472393158,3.660152480268837,4.920431230692317,0.064,0.024271810054779054,4.820959031581879,True,0.12016785840362462,0.075,0.045167858403624625,13.33587469181635,8.985874691816345,0.2100055797058666,5,False
102,10.309999999999825,29.745136396226428,-19.228203398074093,3.7349817138544936,4.833022701444079,0.0,-0.11682136058807374,4.953464329242706,False,0.1473157437646885,0.0,0.1473157437646885,13.483190435581038,9.133190435581033,0.21205437078651906,5,False
103,10.409999999999823,29.335247502758364,-19.488533006163806,3.7097225336333484,4.879469993150536,-0.128,-0.010527309775352479,4.472763076424599,True,0.06861528228505478,0.075,-0.006384717714945212,13.551805717866094,9.126805717866088,0.21401853540930857,5,False
104,10.50999999999982,28.933248910499028,-19.724222079218382,3.5843708481345913,4.522087189271528,0.0,-0.10399405956268311,5.943485856056213,False,0.15908869755706406,0.0,0.15908869755706406,13.710894415423157,9.28589441542315,0.21597375313250994,5,False
105,10.609999999999818,28.504873281384157,-19.938504620086086,3.55493345371796,5.070237523288116,-0.128,-0.1767252564430237,5.84982967376709,True,0.15798444830739972,0.075,0.08298444830739972,13.868878863730556,9.36887886373055,0.21814765457898833,5,False
106,10.709999999999816,28.02213493794215,-20.135943665420115,3.4234653562807624,5.370880620589185,-0.192,-0.1578932523727417,5.573846012353897,False,0.17610048517836924,0.0,0.17610048517836924,14.044979348908925,9.54497934890892,0.22044559423858068,5,False
107,10.809999999999814,27.50057917658406,-20.277594860574414,3.22351921629834,5.4491525015818025,-0.128,-0.03928603231906891,5.306671768426895,True,0.1592893456876871,0.075,0.0842893456876871,14.204268694596612,9.629268694596606,0.22261989946541605,5,False
108,10.909999999999812,26.967111558538992,-20.336685025872004,3.0516275088704203,5.323951375612385,-0.064,0.07722809910774231,5.9999986588954926,False,0.1729810278115956,0.0,0.1729810278115956,14.377249722408207,9.8022497224082,0.22496632193220992,5,False
109,11.00999999999981,26.422244867993662,-20.325220082490155,3.043049613931758,5.584663273549444,0.064,0.14405983686447144,6.0,True,0.17590760838236882,0.075,0.10090760838236883,14.553157330790576,9.90315733079057,0.22727642068648435,10,False
110,11.109999999999808,25.856430325783847,-20.302653626399877,3.1764919155538975,5.744834357604439,0.128,0.14135605096817017,6.0,True,0.17468862810913793,0.075,0.09968862810913794,14.727845958899714,10.002845958899709,0.22974346322271663,5,False
111,11.209999999999805,25.278229639715942,-20.331500979509883,3.3663448164916114,5.8432368222873965,0.128,0.006548719853162766,5.999997466802597,False,0.1918165729920033,0.0,0.1918165729920033,14.919662531891717,10.194662531891712,0.23225779525664836,5,False
112,11.309999999999803,24.701930751787213,-20.442264767419275,3.5094329876479535,5.903690234591518,0.0,-0.03295413553714752,5.536629915237427,True,0.13788671510485037,0.075,0.06288671510485037,15.057549246996567,10.257549246996563,0.2345572900972334,5,False
113,11.409999999999801,24.155896746449883,-20.607539338041654,3.5335499346766053,5.581145815677967,-0.064,-0.20137827396392824,5.666186273097992,False,0.15025988563198844,0.0,0.15025988563198844,15.207809132628556,10.407809132628552,0.23678999432775738,5,False
114,11.509999999999799,23.625722722046994,-20.786897374769442,3.4145191419681815,5.613940946438261,-0.192,-0.1284317135810852,5.679391086101532,True,0.16744710282237385,0.075,0.09244710282237385,15.37525623545093,10.500256235450927,0.2391202392149713,5,False
115,11.609999999999797,23.078541995066182,-20.915755027844682,3.16443225820525,5.639181237396891,-0.128,0.19082086086273195,5.992945492267609,False,0.1369810251341085,0.0,0.1369810251341085,15.512237260585039,10.637237260585035,0.24151499104829954,5,False
116,11.709999999999795,22.50988843156939,-20.956111539081984,3.035071523568495,5.775607420284177,0.128,-0.14712121486663818,5.996000230312347,True,0.16487768958644894,0.075,0.08987768958644894,15.677114950171488,10.727114950171485,0.2439647867484915,5,False
117,11.809999999999793,21.92816424814236,-20.956313558208375,3.1764713034654455,5.860600037242988,-0.064,-0.20792431831359864,5.982716590166092,False,0.1584403539010016,0.0,0.1584403539010016,15.83555530407249,10.885555304072486,0.2464422972668392,5,False
118,11.90999999999979,21.339858952682516,-20.951482596073884,3.077866667527848,5.9076932496104755,-0.192,-0.19833701848983765,5.96054008603096,True,0.1459083164633942,0.075,0.0709083164633942,15.981463620535884,10.95646362053588,0.2489167954063439,5,False
119,12.009999999999788,20.752268971410896,-20.887146500344148,2.780194206137918,5.928073183623737,-0.192,0.18389037847518921,5.999987483024597,False,0.19112648721422634,0.0,0.19112648721422634,16.17259010775011,11.147590107750107,0.25129417054732844,5,False
120,12.109999999999786,20.187741646752514,-20.70543011120622,2.5371751714899826,5.955806322931037,0.064,0.3062863111495972,6.0,True,0.19435364509134623,0.075,0.11935364509134623,16.366943752841458,11.266943752841453,0.2535749072981971,10,False
121,12.209999999999784,19.651112730503016,-20.445318942649884,2.673883930541737,5.972849239470118,0.32000000000000006,0.28422925472259525,5.999862909317017,True,0.19585241637206338,0.075,0.12085241637206338,16.56279616921352,11.387796169213516,0.2559203307208885,10,False
122,12.309999999999782,19.094172604741146,-20.230764777023477,3.0989464399720883,5.983266832011616,0.256,0.12269396781921388,5.521144926548004,True,0.12049971504377491,0.075,0.04549971504377491,16.683295884257294,11.43329588425729,0.25831262232153396,5,False
123,12.40999999999978,18.526103243775353,-20.1754564745371,3.6059878876351505,5.577189591825936,0.128,-0.2004544496536255,5.999960660934448,False,0.1265569273617081,0.0,0.1265569273617081,16.809852811619002,11.559852811618999,0.2606064319945788,5,False
124,12.509999999999778,17.981419228335,-20.319685900410853,3.7192283199067244,5.740227667039978,-0.128,-0.20209259986877443,4.9565058052539825,True,0.06778041609701864,0.075,-0.007219583902981358,16.87763322771602,11.552633227716017,0.2626830802096283,10,False
125,12.609999999999776,17.488301991224088,-20.531085440129832,3.537989535870424,5.0703318093700265,-0.192,-0.2996858835220337,5.345338046550751,True,0.11382135933584071,0.075,0.038821359335840716,16.991454587051862,11.591454587051858,0.26472912706756585,10,False
126,12.709999999999773,17.002451298615743,-20.69103220117985,3.231496925147206,5.176385631066831,-0.32000000000000006,-0.09731670618057252,5.670508801937103,True,0.11212448330390885,0.075,0.037124483303908856,17.10357907035577,11.628579070355768,0.26696122629008084,5,False
127,12.809999999999771,16.478576068762465,-20.73194878998112,2.92037021800763,5.366940038839399,-0.128,0.1462753176689148,5.77570116519928,False,0.12040340237184861,0.0,0.12040340237184861,17.22398247272762,11.748982472727617,0.2692284350726781,5,False
128,12.90999999999977,15.940208654038202,-20.655371517210867,2.826724746568384,5.524575298519228,0.128,0.13223838806152344,5.723338931798935,True,0.09006495005864062,0.075,0.015064950058640628,17.31404742278626,11.764047422786257,0.27151856011378306,10,False
129,13.009999999999767,15.396399584825529,-20.538623109203815,2.9836384841502253,5.601226807007751,0.128,0.16857627630233765,4.844063878059387,True,0.17374524865128244,0.075,0.09874524865128244,17.487792671437543,11.86279267143754,0.2737027616831139,10,False
130,13.109999999999765,14.877742917145262,-20.4727709186635,3.292602065129235,4.9518245438941975,0.192,-0.13937945365905763,4.64500992000103,True,0.14117949577656846,0.075,0.06617949577656847,17.628972167214112,11.928972167214107,0.2757008182412907,5,False
131,13.209999999999763,14.403287916813854,-20.52407667496306,3.582199674657099,4.682219415363982,-0.064,-0.2914206743240357,5.112273454666138,False,0.0758378227752855,0.0,0.0758378227752855,17.704809989989396,12.004809989989393,0.2776219185891624,5,False
132,13.30999999999976,13.947106802993014,-20.660896637888996,3.4521642896528157,4.84806610623074,-0.32000000000000006,-0.17425031661987306,2.9791411980986595,True,0.08404233066068534,0.075,0.009042330660685341,17.788852320650083,12.013852320650079,0.27944281157281997,5,False
133,13.409999999999759,13.514720753844843,-20.748924145791293,2.984459029437825,3.897066106230737,-0.192,-0.11750055551528932,2.759229451417923,False,0.06885776338170924,0.0,0.06885776338170924,17.85771008403179,12.082710084031788,0.28064065303101393,5,False
134,13.509999999999756,13.171584398926148,-20.71390673664602,2.531937235590112,3.009956411960672,-0.128,-0.20014774799346924,3.6603373885154724,True,0.12323110377928033,0.075,0.04823110377928033,17.98094118781107,12.130941187811068,0.2819220227720989,5,False
135,13.609999999999754,12.906510669274187,-20.55042711317279,2.4007088411473054,3.2607703165093467,-0.192,0.1595352053642273,4.8234843313694,False,0.0704803717159989,0.0,0.0704803717159989,18.051421559527068,12.201421559527066,0.28311719199482377,5,False
136,13.709999999999752,12.654519500072485,-20.299779513180287,2.3010401682303856,3.8634177153250784,0.064,0.17531627416610718,4.305585831403732,True,0.12380178593640759,0.075,0.04880178593640759,18.175223345463476,12.250223345463473,0.2846543808908155,10,False
137,13.80999999999975,12.37861074421556,-20.01765627001151,2.397404837250422,4.033936097102,0.192,0.1604015350341797,4.072135075926781,True,0.1298034053505095,0.075,0.054803405350509496,18.305026750813987,12.305026750813983,0.2866658804999445,10,False
138,13.909999999999748,12.066079255677147,-19.762034320085924,2.5847522262248375,4.048667209133546,0.192,0.010666543990373612,4.106119893491268,True,0.12823122631895667,0.075,0.05323122631895667,18.433257977132943,12.35825797713294,0.2887729782765214,5,False
139,14.009999999999746,11.71576010600182,-19.557628666937145,2.7404260776466134,4.070823349319096,0.0,-0.1761757731437683,4.321621119976044,False,0.11752301080991837,0.0,0.11752301080991837,18.55078098794286,12.475780987942859,0.29072213954564496,5,False
140,14.109999999999744,11.343269714533273,-19.382037079091628,2.7136063428387405,4.1675413813313265,-0.192,-0.14248214960098268,3.450305921956897,True,0.1692469351357606,0.075,0.09424693513576061,18.72002792307862,12.57002792307862,0.292423033137744,5,False
141,14.209999999999742,11.009118811359627,-19.19905211632528,2.5024587088721013,3.5489482391306346,-0.128,-0.18725260496139529,3.7806789241731167,False,0.15107431669174506,0.0,0.15107431669174506,18.871102239770366,12.721102239770364,0.2939910543524594,5,False
142,14.30999999999974,10.727896293683843,-18.976280870717783,2.346270577364881,3.638313211376785,-0.192,-0.11049456596374513,3.177073359489441,True,0.14118058764581773,0.075,0.06618058764581773,19.012282827416183,12.787282827416181,0.2953935542876545,5,False
143,14.409999999999737,10.502332970871745,-18.72370929459401,2.1648656545750957,3.2330110521334103,-0.128,-0.14520838260650634,3.4820225802250206,False,0.16989225732652868,0.0,0.16989225732652868,19.18217508474271,12.95717508474271,0.2967606181329172,5,False
144,14.509999999999735,10.326398603933404,-18.447235991817283,2.05197969021007,3.3290402348581702,-0.128,-0.12555994987487792,3.3723606672137976,True,0.1649073814788994,0.075,0.08990738147889941,19.347082466221607,13.04708246622161,0.2979889320652725,5,False
145,14.609999999999733,10.185361284715487,-18.14497198500278,1.9360817890697313,3.34574639198381,-0.128,-0.14409415721893312,3.4875741731375456,False,0.1626677491851623,0.0,0.1626677491851623,19.50975021540677,13.209750215406773,0.2995518260586091,5,False
146,14.70999999999973,10.078067183327427,-17.825451196607233,1.8210133740521475,3.400441072251178,-0.128,-0.13860243558883667,3.3388468101620674,True,0.15952239724424794,0.075,0.08452239724424794,19.669272612651017,13.294272612651021,0.30074947737426927,5,False
147,14.809999999999729,10.011476191110958,-17.495613107071417,1.6840470427095833,3.3463167650830794,-0.128,-0.14733481407165527,3.7829663082957268,False,0.1317881125268563,0.0,0.1317881125268563,19.801060725177873,13.426060725177877,0.3022152340642628,5,False
148,14.909999999999727,9.988829402208285,-17.15371240311245,1.558167872449796,3.514706956064213,-0.128,-0.1537442445755005,3.493612035177648,True,0.15837914483545265,0.075,0.08337914483545265,19.959439870013327,13.50943987001333,0.30371282014423345,5,False
149,15.009999999999724,10.0099201801673,-16.80425360507317,1.4212636524569138,3.496170359650421,-0.128,-0.1930756211280823,3.8309104219079018,False,0.13736554399050147,0.0,0.13736554399050147,20.09680541400383,13.64680541400383,0.3045864525204291,5,False
150,15.109999999999722,10.080377274295808,-16.45571176174126,1.2699230106522004,3.6252600240935675,-0.192,-0.2071547269821167,3.3039700277149677,True,0.17241420490176643,0.075,0.09741420490176643,20.269219618905595,13.744219618905598,0.3063428549296918,5,False
151,15.20999999999972,10.20594338511963,-16.134731292203504,1.0453365798589689,3.3429350499121346,-0.192,-0.13780709505081176,4.077692352235317,False,0.11267626849789324,0.0,0.11267626849789324,20.381895887403488,13.85689588740349,0.3075079382887051,5,False
152,15.309999999999718,10.39541517669006,-15.843104644234726,0.8939411975825329,3.626287968485393,-0.128,-0.1314170837402344,5.051460474729538,True,0.024977210801641225,0.075,-0.05002278919835877,20.40687309820513,13.806873098205132,0.3090974721652367,5,False
153,15.409999999999716,10.64972542617073,-15.548260546852244,0.7880939984525314,4.1758936516651435,-0.128,0.048383852839469915,5.4792598485946655,False,0.0,0.0,0.0,20.40687309820513,13.806873098205132,0.3107626447700986,5,False
154,15.509999999999714,10.96865772445176,-15.242042662588618,0.7130082149867927,4.678525765292326,0.064,0.04592031836509705,5.576827734708786,True,0.0,0.075,-0.075,20.40687309820513,13.731873098205133,0.31282960995743403,5,False
155,15.609999999999712,11.325310564785141,-14.913630520143732,0.7618034325315454,5.02494829690849,0.064,-0.08087586760520936,4.62345889210701,False,0.08082041014445734,0.0,0.08082041014445734,20.487693508349587,13.812693508349591,0.31484857322881593,5,False
156,15.70999999999971,11.67179425194811,-14.58016357894112,0.7994191627365214,4.672150241810853,-0.064,-0.035553574562072754,4.263144642114639,True,0.11350297340409263,0.075,0.03850297340409263,20.60119648175368,13.851196481753684,0.316728358087801,5,False
157,15.809999999999707,11.994645156248858,-14.273620727323294,0.7222290094036045,4.312747531873301,-0.064,-0.27477986812591554,5.248343855142593,False,0.03987367857246618,0.0,0.03987367857246618,20.641070160326144,13.89107016032615,0.31862643598175555,5,False
158,15.909999999999705,12.335954510970721,-13.982184567457582,0.6318451865733069,4.673552314577123,-0.256,-0.23322956562042238,3.194155752658844,True,0.11238675758283613,0.075,0.03738675758283613,20.75345691790898,13.928456917908985,0.320451938374199,5,False
159,16.009999999999703,12.695589656968723,-13.758091403648129,0.2324188216706239,3.7225523145771207,-0.256,0.05232419967651367,5.061620980501175,False,0.06838870184842902,0.0,0.06838870184842902,20.82184561975741,13.996845619757414,0.32204587964175024,5,False
160,16.10999999999972,13.080159306474007,-13.663980372147234,0.04260115318452266,4.2389527824049145,0.0,0.05647838711738587,5.293213933706284,True,0.06557261545256743,0.075,-0.009427384547432568,20.887418235209978,13.987418235209981,0.3237882781465848,10,False
161,16.209999999999734,13.522018462695693,-13.622532805043521,0.08116348117760658,4.645519649062949,0.064,0.22727909088134768,5.9893805384635925,True,0.0,0.075,-0.075,20.887418235209978,13.912418235209982,0.3260742376849488,10,False
162,16.30999999999975,14.00894134426061,-13.568984711999502,0.17387482645664748,5.163768197208222,0.256,0.07944051623344422,5.997877925634384,True,0.000978360881219359,0.075,-0.07402163911878064,20.888396596091198,13.8383965960912,0.32834426173163744,5,False
163,16.409999999999766,14.527788804328058,-13.452647581331009,0.38096484659613816,5.4854355358146005,0.064,-0.05405703783035279,6.0,False,0.019435242163218736,0.0,0.019435242163218736,20.907831838254417,13.85783183825442,0.3308943461732109,5,False
164,16.50999999999978,15.054432214433115,-13.267932490387345,0.42745738305873865,5.683872954891636,-0.064,-0.20935986042022706,5.991622269153595,True,0.03815436583488899,0.075,-0.03684563416511101,20.945986204089305,13.820986204089309,0.33317871844568714,10,False
165,16.609999999999797,15.590286190591451,-13.061718361901063,0.30515798376328085,5.802553866410757,-0.192,-0.33482882976531986,5.999997615814209,True,0.014457867686536563,0.075,-0.060542132313463434,20.960444071775843,13.760444071775845,0.33555067206198247,10,False
166,16.709999999999813,16.153959847006817,-12.912229899961497,6.279338924145915,5.878696372882789,-0.32000000000000006,0.24731333255767823,6.0,True,0.0,0.075,-0.075,20.960444071775843,13.685444071775846,0.3381413308408483,5,False
167,16.809999999999828,16.74203294192147,-12.907654290092227,5.88049994297065,5.92547608731163,-0.064,0.3114525318145752,5.999257028102875,False,0.004469864679743807,0.0,0.004469864679743807,20.964913936455588,13.68991393645559,0.3404736963274849,5,False
168,16.909999999999844,17.318021527761683,-13.049353372159038,5.836648993892187,5.953929081031022,0.256,0.3329984188079834,5.999881386756897,True,0.03588445002511066,0.075,-0.039115549974889335,21.0007983864807,13.6507983864807,0.3428881033068285,10,False
169,17.00999999999986,17.8913423677032,-13.211913400633849,6.225722278414459,5.971650197788119,0.32000000000000006,0.12236554622650148,5.999288022518158,True,0.09008737163578984,0.075,0.01508737163578984,21.09088575811649,13.66588575811649,0.34539210174460916,5,False
170,17.109999999999875,18.485937437980443,-13.244266928341538,0.3926580682555003,5.982308490363791,0.128,-0.12720365524291993,6.0,False,0.14942696578861786,0.0,0.14942696578861786,21.240312723905106,13.815312723905107,0.3478384463725829,5,False
171,17.20999999999989,19.066842135861005,-13.106592443242114,0.5460838527532306,5.989131070926837,-0.128,-0.2572772741317749,5.855882078409195,True,0.15707918370065743,0.075,0.08207918370065743,21.397391907605762,13.897391907605764,0.3501566248307729,10,False
172,17.309999999999906,19.617312720213434,-12.88959211768534,0.3678406805825202,5.872042089644284,-0.256,-0.34882419109344487,5.623323380947113,True,0.16797261433173533,0.075,0.09297261433173533,21.565364521937497,13.990364521937499,0.3524764083633478,10,False
173,17.409999999999922,20.168164442709664,-12.73343132831282,6.1863124791478805,5.6534871897007966,-0.32000000000000006,0.10398349761962891,5.341389834880829,True,0.08989239277503575,0.075,0.014892392775035748,21.65525691471253,14.005256914712534,0.3547676261092255,5,False
174,17.509999999999938,20.71223298367814,-12.762147162602758,5.6314954548600005,5.379240002938682,-0.064,0.3507618665695191,5.987203925848007,False,0.0,0.0,0.0,21.65525691471253,14.005256914712534,0.3568707537168736,5,False
175,17.609999999999953,21.21163797083933,-12.987304327856824,5.6263244874424245,5.613696130695317,0.256,0.3342592239379883,4.08100800961256,True,0.088597507137728,0.075,0.013597507137728004,21.74385442185026,14.018854421850262,0.35881038793684117,10,False
176,17.70999999999997,21.672220105369718,-13.224577649682733,6.097962870781056,4.662696130695313,0.32000000000000006,0.16795607805252077,4.775992542505264,True,0.12444545490672339,0.075,0.04944545490672339,21.868299876756982,14.068299876756987,0.3607406527164757,5,False
177,17.809999999999985,22.13057738905785,-13.303435447736264,0.2684099603865492,4.706387930489235,0.192,-0.09677606225013734,4.953120559453964,False,0.12666597829220955,0.0,0.12666597829220955,21.99496585504919,14.194965855049196,0.36270451840473783,5,False
178,17.91,22.59691348548219,-13.21901854999624,0.4226574138211962,4.801538275104195,-0.064,-0.04333849251270294,4.649394512176514,True,0.11446890436450367,0.075,0.039468904364503676,22.109434759413695,14.2344347594137,0.36458812185714023,5,False
179,18.010000000000016,23.044190652375434,-13.068549185133858,0.36624264135281115,4.667846020678048,-0.064,-0.1922485113143921,4.069444261491299,False,0.14170317834473448,0.0,0.14170317834473448,22.25113793775843,14.376137937758434,0.366326824998184,5,False
180,18.11000000000003,23.45706004587892,-12.930519989014329,0.2371209318004728,4.1449355870893685,-0.192,-0.21209044456481935,3.7998713590204716,True,0.11955099479703603,0.075,0.04455099479703603,22.370688932555463,14.420688932555471,0.3679662705133118,5,False
181,18.210000000000047,23.84635989789766,-12.862467449748122,6.252108691516688,3.8417196439272603,-0.192,0.1402212381362915,3.768629491329193,False,0.1484663617699264,0.0,0.1484663617699264,22.51915529432539,14.569155294325398,0.369679664243349,5,False
182,18.310000000000063,24.22545964269484,-12.882410607541875,6.068866878219285,3.7774936310486944,0.064,0.2063621759414673,4.03110271692276,True,0.11372064937181042,0.075,0.038720649371810426,22.6328759436972,14.60787594369721,0.37119986615096573,5,False
183,18.41000000000008,24.604410736002432,-12.934458213710885,6.175124983680573,3.875295822917901,0.192,0.2535342931747437,3.288915477693081,False,0.18078151168839243,0.0,0.18078151168839243,22.81365745538559,14.788657455385602,0.37270980283311395,5,False
184,18.510000000000094,24.96044002620357,-12.941363665511075,0.16347935110558612,3.3624903202537477,0.256,0.33937304019927983,2.350831761956215,True,0.1065444073361251,0.075,0.031544407336125097,22.920201862721715,14.820201862721728,0.3739076696970905,5,False
185,18.61000000000011,25.24508163447224,-12.870645797591674,0.5262742770346338,2.5405055611515657,0.32000000000000006,0.2295621156692505,2.747061163187027,False,0.17025339059166564,0.0,0.17025339059166564,23.09045525331338,14.990455253313394,0.37496195229715595,5,False
186,18.710000000000125,25.451704190014897,-12.717991384141902,0.7542144129129681,2.6201619762689763,0.256,0.1941913366317749,3.45120772626251,True,0.14310264611979723,0.075,0.06810264611979723,23.233557899433176,15.058557899433191,0.3760417428685581,5,False
187,18.81000000000014,25.633650147371068,-12.508543903979017,0.9110625509250381,2.9406477175933876,0.192,0.1656715512275696,3.4758214596658945,False,0.14095925267939813,0.0,0.14095925267939813,23.374517152112574,15.19951715211259,0.3776608198837383,5,False
188,18.910000000000156,25.79860157318074,-12.253231564405905,1.0597145941693462,3.1470329297995767,0.192,0.1630226254463196,3.560142632573843,True,0.13115635585243696,0.075,0.05615635585243696,23.50567350796501,15.255673507965026,0.37940764511569275,5,False
189,19.010000000000172,25.93603563677911,-11.96174606474805,1.2053729770710806,3.3063451810720825,0.192,0.1857957482337952,3.397529259324074,False,0.13990690975067166,0.0,0.13990690975067166,23.64558041771568,15.395580417715697,0.380803956458961,5,False
190,19.110000000000188,26.03395365247993,-11.644455468562466,1.3627529734969348,3.341509547072149,0.192,0.23649578094482424,3.451085508801043,True,0.1253661816991809,0.075,0.050366181699180904,23.770946599414863,15.445946599414878,0.3824454951327552,5,False
191,19.210000000000203,26.079958732233358,-11.311884601212563,1.5480819568336128,3.3837665868636324,0.256,0.3203974008560181,4.280051276087761,False,0.018819163532188404,0.0,0.018819163532188404,23.789765762947052,15.464765762947067,0.3841604231286644,5,False
192,19.31000000000022,26.055876308398567,-10.958140237000242,1.775486301332185,3.729411171492035,0.32000000000000006,0.3802944660186768,4.500112742185593,True,0.0,0.075,-0.075,23.789765762947052,15.389765762947068,0.385783601640976,10,False
193,19.410000000000235,25.93646815364884,-10.590692695479268,2.077642231742924,4.026625692143316,0.3840000000000001,0.23551249504089355,5.994283318519592,True,0.0,0.075,-0.075,23.789765762947052,15.314765762947069,0.3880557407762604,10,False
194,19.51000000000025,25.69632355004527,-10.223306897436036,2.3136917651666526,4.785436158434418,0.256,0.17422195672988894,6.0,True,0.0,0.075,-0.075,23.789765762947052,15.23976576294707,0.390309654805016,5,False
195,19.610000000000266,25.349492119027744,-9.86182702839084,2.4879035712184945,5.253822397282279,0.192,0.015773165225982665,6.0,False,0.0,0.0,0.0,23.789765762947052,15.23976576294707,0.3927493418681085,5,False
196,19.71000000000028,24.923042033988096,-9.532016477674443,2.624924832721817,5.5415794577913084,0.0,0.023041170835494996,5.999999552965164,True,0.0,0.075,-0.075,23.789765762947052,15.16476576294707,0.3952961796821877,5,False
197,19.810000000000297,24.44784982976194,-9.230598034084773,2.637473942289285,5.718365277393832,0.0,-0.009197580814361573,5.999858140945435,False,0.0,0.0,0.0,23.789765762947052,15.16476576294707,0.3975559493075457,5,False
198,19.910000000000313,23.94863580609483,-8.940966416766623,2.6299853921956844,5.826920611505785,0.0,-0.0932153046131134,5.999339282512665,True,0.0,0.075,-0.075,23.789765762947052,15.08976576294707,0.4002356802548675,5,False
199,20.01000000000033,23.441980215421175,-8.646650264271734,2.581657295597639,5.893412408854174,-0.064,-0.07375320792198181,6.0,False,0.0,0.0,0.0,23.789765762947052,15.08976576294707,0.4027280106502659,5,False
200,20.110000000000344,22.944783726733466,-8.326698202438678,2.4717849428859364,5.934517008889274,-0.064,-0.0518031120300293,6.0,True,0.030076048069566846,0.075,-0.04492395193043315,23.81984181101662,15.044841811016637,0.40520502095491345,5,False
201,20.21000000000036,22.471727829732785,-7.9666031129193815,2.376236659273566,5.959769968729841,-0.064,0.20761168003082275,5.996223300695419,False,0.03758037832228196,0.0,0.03758037832228196,23.8574221893389,15.082422189338919,0.4075734124356333,5,False
202,20.310000000000375,22.025651018080254,-7.570453381407872,2.347742624976053,5.973827886863497,0.192,0.19385688304901125,5.9999600648880005,True,0.0878606283132506,0.075,0.012860628313250605,23.945282817652153,15.09528281765217,0.41010696522135215,10,False
203,20.41000000000039,21.57195434215394,-7.181383977679138,2.5874555438018594,5.983905539563929,0.192,0.03075823783874512,5.999868720769882,True,0.14373123240295235,0.075,0.06873123240295236,24.089014050055106,15.16401405005512,0.412629359584234,5,False
204,20.510000000000407,21.066450551439324,-6.862085630250947,2.845162555646542,5.990061604934248,0.0,-0.1225552797317505,5.999822527170181,False,0.15944734929478926,0.0,0.15944734929478926,24.248461399349896,15.32346139934991,0.4151268077736577,5,False
205,20.610000000000422,20.51807285466688,-6.621253945091688,2.837709740494014,5.993825821764449,-0.128,-0.13580597639083863,5.989440143108368,True,0.17948953409676188,0.075,0.10448953409676189,24.42795093344666,15.427950933446672,0.4176812847458882,5,False
206,20.710000000000438,19.96370652585847,-6.394156177051181,2.648606134869341,5.989972024175659,-0.128,0.17023448944091799,5.994544982910156,False,0.15774694786255744,0.0,0.15774694786255744,24.585697881309216,15.58569788130923,0.4202192589234309,5,False
207,20.810000000000453,19.433742174207907,-6.115507098537467,2.483188230794242,5.991735546906004,0.128,0.09042698740959168,6.0,True,0.19611997151256405,0.075,0.12111997151256405,24.781817852821778,15.706817852821795,0.42273434010850997,10,False
208,20.91000000000047,18.921975912011572,-5.803599422631154,2.618251283175018,5.994922663110487,0.064,0.14706319570541382,5.998733848333359,True,0.17501570540686745,0.075,0.10001570540686745,24.956833558228645,15.806833558228663,0.42527303722933,10,False
209,21.010000000000485,18.397736087535268,-5.51311756088874,2.780390891039719,5.996392414350398,0.128,0.1227192521095276,6.0,True,0.17247848753533337,0.075,0.09747848753533338,25.129312045763978,15.904312045763996,0.42778755597354995,5,False
210,21.1100000000005,17.841350272518714,-5.290748411355215,2.970637633398952,5.9977836491426,0.128,-0.03016035556793213,6.0,False,0.1945781195428939,0.0,0.1945781195428939,25.32389016530687,16.09889016530689,0.43026376758855683,5,False
211,21.210000000000516,17.257820114210016,-5.1539854434020205,3.0963521335341464,5.998638366043054,0.0,-0.06980506777763366,5.999997913837433,True,0.19178671119610383,0.075,0.11678671119610383,25.515676876502976,16.215676876502993,0.43302869585110876,5,False
212,21.31000000000053,16.663288091106704,-5.074525297617576,3.0534141702558046,5.999162664112987,-0.064,-0.0812210500240326,5.999999850988388,False,0.1962843145538438,0.0,0.1962843145538438,25.71196119105682,16.411961191056836,0.4355612293512396,5,False
213,21.410000000000547,16.06860672832043,-4.99568782825118,2.9287114867187247,5.999485518127213,-0.064,-0.07989957332611085,6.0,True,0.19362661578342716,0.075,0.11862661578342716,25.905587806840245,16.530587806840263,0.43859730852839024,5,False
214,21.510000000000563,15.48113561213888,-4.874959693387734,2.8068482051447154,5.999683923695619,-0.064,0.08462295532226563,5.999023228883743,False,0.17699591657272198,0.0,0.17699591657272198,26.082583723412966,16.707583723412984,0.44106055424311474,5,False
215,21.61000000000058,14.907323864694922,-4.700351899160589,2.7441378756566643,5.999103355835408,0.064,0.19725431203842164,5.999923408031464,True,0.14608455326929576,0.075,0.07108455326929576,26.228668276682264,16.77866827668228,0.44322158547786783,10,False
216,21.710000000000594,14.33833948838514,-4.5102894790851025,2.887837946129504,5.999419602005947,0.192,0.18578097820281983,5.929714202880859,True,0.13258133293098312,0.075,0.05758133293098312,26.361249609613246,16.83624960961326,0.44581899786665,10,False
217,21.81000000000061,13.757120788425635,-4.380504084752519,3.1806207491239333,5.938167850534958,0.192,-0.05320975184440613,5.990488141775131,True,0.1401495677659151,0.075,0.06514956776591511,26.50139917737916,16.901399177379176,0.4484509399302428,5,False
218,21.910000000000625,13.163522208394856,-4.367599381791938,3.4020717640070184,5.958344726867634,-0.064,-0.1639021396636963,5.974388033151627,False,0.10856117567046886,0.0,0.10856117567046886,26.60996035304963,17.009960353049646,0.45094191938086703,5,False
219,22.01000000000064,12.572018603937403,-4.440761090756609,3.3192952281964656,5.964531691794367,-0.192,-0.21399872303009035,5.5682114362716675,True,0.10744503590145331,0.075,0.03244503590145331,26.717405388951082,17.0424053889511,0.4533777186228333,5,False
220,22.110000000000657,11.999773212479042,-4.494060232657568,3.002834554591426,5.616275888099267,-0.192,0.12165664434432984,4.582265675067902,False,0.16121408261881062,0.0,0.16121408261881062,26.87861947156989,17.20361947156991,0.45529630558882894,5,False
221,22.210000000000672,11.484002161384641,-4.440455387088951,2.533079718387311,4.781551629365815,0.064,0.022134682536125185,4.571100905537605,True,0.14475113940790593,0.075,0.06975113940790593,27.023370610977796,17.273370610977814,0.45737835431783574,5,False
222,22.310000000000688,11.054740301320976,-4.261302899841994,2.4418549522733595,4.596623695595821,0.0,0.39993240833282473,5.999952912330627,False,0.0,0.0,0.0,27.023370610977796,17.273370610977814,0.45908738423664786,5,False
223,22.410000000000704,10.648917059041851,-3.99372360522186,2.548840540748532,5.1378056995359875,0.256,0.3994627952575684,2.376862972974777,True,0.004425343160271961,0.075,-0.07057465683972804,27.027795954138067,17.202795954138086,0.4608352897802441,5,False
224,22.51000000000072,10.233862479194064,-3.7738369711308626,3.055423751734559,4.1868056995359835,0.3840000000000001,0.2941121101379395,4.4217288345098495,False,0.13749873301127352,0.0,0.13749873301127352,27.16529468714934,17.34029468714936,0.46225830629297476,5,False
225,22.610000000000735,9.816364400497143,-3.7487862834966657,3.549521639698682,4.277401813007401,0.32000000000000006,0.23815786838531494,3.8111596032977104,True,0.16814282979444192,0.075,0.09314282979444193,27.333437516943782,17.4334375169438,0.46417080860054866,5,False
226,22.71000000000075,9.447971372845151,-3.9037647590772098,3.9682104374901854,3.867703965884047,0.256,-0.12530150413513183,5.893776178359985,False,0.0,0.0,0.0,27.333437516943782,17.4334375169438,0.465453415316914,5,False
227,22.810000000000766,9.14702952536625,-4.202238404816182,4.064996887128313,4.64824185661374,0.0,-0.19694885015487673,3.9828770831227303,True,0.1402068642217952,0.075,0.06520686422179521,27.473644381165577,17.498644381165597,0.4666596038124696,5,False
228,22.91000000000078,8.869296984694893,-4.531790833484674,3.990528284553952,4.070752301249687,-0.192,0.10246543884277344,5.941814988851547,False,0.0,0.0,0.0,27.473644381165577,17.498644381165597,0.46902985371743694,5,False
229,23.010000000000797,8.556324322315776,-4.844279501749428,3.8500523692361077,4.7923117490962035,0.064,0.2544522047042847,5.9999359250068665,True,0.0,0.075,-0.075,27.473644381165577,17.423644381165598,0.4718663338406148,5,False
230,23.110000000000813,8.192301997618872,-5.189931504579618,3.9637440614290305,5.258021764773465,0.256,0.25113849639892577,6.0,False,0.0,0.0,0.0,27.473644381165577,17.423644381165598,0.47486127528743843,5,False
231,23.21000000000083,7.847267556650975,-5.604253552181671,4.223677838702522,5.544159374844878,0.256,0.3271320104598999,6.0,True,0.0,0.075,-0.075,27.473644381165577,17.3486443811656,0.4776197228455191,10,False
232,23.310000000000844,7.585085356209901,-6.100834913292167,4.535400733816794,5.7199504437237705,0.32000000000000006,-0.051999646425247195,6.0,True,0.0,0.075,-0.075,27.473644381165577,17.2736443811656,0.48041218268093455,5,False
233,23.41000000000086,7.469727446853817,-6.664349988254195,4.895664841189111,5.82794917863272,0.064,-0.12693454027175904,5.2936427891254425,False,0.05262291673868169,0.0,0.05262291673868169,27.52626729790426,17.32626729790428,0.4827672181285777,5,False
234,23.510000000000876,7.491880443626607,-7.217417235339847,5.058390984540441,5.359418962086014,-0.128,-0.25132882595062256,3.554960632696748,True,0.13211966808304193,0.075,0.05711966808304193,27.6583869659873,17.383386965987324,0.48481440114786617,10,False
235,23.61000000000089,7.57459421064924,-7.703537718826681,4.942527714422467,4.40841896208601,-0.256,-0.2848229885101318,2.8784287944436073,True,0.04093821892662025,0.075,-0.034061781073379746,27.69932518491392,17.349325184913944,0.48647950797086265,5,False
236,23.710000000000907,7.615363285709717,-8.098931059932834,4.554594322482939,3.4574189620860087,-0.256,-0.05637170672416687,5.529353231191635,False,0.07585512274582264,0.0,0.07585512274582264,27.775180307659742,17.425180307659765,0.48809349066235436,5,False
237,23.810000000000922,7.545249209163091,-8.47602933699544,4.392389403015359,4.254236523314154,-0.064,-0.07779408097267151,5.507420510053635,True,0.12011294871096159,0.075,0.045112948710961595,27.895293256370703,17.470293256370727,0.48948404699194725,5,False
238,23.910000000000938,7.408648741569534,-8.903776823080745,4.3571091282241134,4.737516293422128,-0.064,-0.14740703105926514,5.997606873512268,False,0.11474042014075225,0.0,0.11474042014075225,28.010033676511455,17.58503367651148,0.49122733748221264,5,False
239,24.010000000000954,7.228042180424906,-9.36729188643171,4.272024984134732,5.223459532647211,-0.128,-0.12096723318099976,5.931633025407791,True,0.13693592675621855,0.075,0.06193592675621855,28.146969603267674,17.6469696032677,0.4938119938563223,5,False
240,24.11000000000097,6.990740189019707,-9.847359862311754,4.139385429478878,5.496560630649864,-0.128,0.10045078992843628,5.999381005764008,False,0.10491348920647614,0.0,0.10491348920647614,28.251883092474152,17.751883092474177,0.4958635321217016,5,False
241,24.210000000000985,6.6944055220750505,-10.321322926805523,4.050254754949417,5.690469041435586,0.128,-0.04517318308353424,5.999793767929077,True,0.16117105906961884,0.075,0.08617105906961885,28.413054151543772,17.838054151543798,0.49829728002994533,5,False
242,24.310000000001,6.371599505380873,-10.797029890757653,4.136525499952272,5.809757497313025,-0.064,-0.046560814976692205,5.999558478593826,False,0.16909287902920153,0.0,0.16909287902920153,28.582147030572973,18.007147030572998,0.5005187977096396,5,False
243,24.410000000001016,6.041436656252474,-11.279423761043704,4.095947259786939,5.882952635114225,-0.064,-0.05185455679893494,5.999490976333618,True,0.19002316293185695,0.075,0.11502316293185695,28.77217019350483,18.122170193504854,0.5032413923240531,5,False
244,24.510000000001032,5.696048752440943,-11.758323523641316,4.025963251751253,5.927894657474251,-0.064,0.05163790583610535,5.999999701976776,False,0.1729170049996852,0.0,0.1729170049996852,28.945087198504517,18.29508719850454,0.5055363710355124,5,False
245,24.610000000001047,5.3268732900157305,-12.223813904311305,3.9890926892856116,5.955701356011367,0.064,0.04927254915237427,6.0,True,0.18176705587819844,0.075,0.10676705587819844,29.126854254382714,18.401854254382737,0.5081912443048041,5,False
246,24.710000000001063,4.949494037179312,-12.685639513747475,4.054436731208935,5.972784752152282,0.064,0.10395917892456055,6.0,False,0.1660030166086665,0.0,0.1660030166086665,29.29285727099138,18.567857270991404,0.5105931375513288,5,False
247,24.81000000000108,4.588001781673958,-13.161607432812348,4.159793761692835,5.983280081539228,0.128,0.11820826530456544,5.999999850988388,True,0.15437297816364212,0.075,0.07937297816364212,29.447230249155023,18.647230249155047,0.5131187188425136,5,False
248,24.910000000001094,4.271362587010127,-13.66926927892005,4.320732067463306,5.989727918745216,0.128,-0.08256081938743592,6.0,False,0.18723191075033266,0.0,0.18723191075033266,29.634462159905357,18.83446215990538,0.5155996962224019,5,False
249,25.01000000000111,4.02040084194644,-14.212950618288843,4.445037255825202,5.993689259713399,-0.064,-0.07279013991355897,5.582079648971558,True,0.12522732455082836,0.075,0.05022732455082836,29.759689484456185,18.88468948445621,0.5182138190926222,10,False
250,25.110000000001126,3.8164132265612603,-14.752904140854337,4.378053834189427,5.631998344853467,-0.064,-0.2953605651855469,5.98931497335434,True,0.1776673811079266,0.075,0.1026673811079266,29.937356865564112,18.987356865564138,0.5206385138600401,10,False
251,25.21000000000114,3.606414872408606,-15.282612662150507,4.227893302219689,5.76979447048618,-0.32000000000000006,-0.11927469968795777,5.612429141998291,True,0.14504158175772683,0.075,0.07004158175772683,30.08239844732184,19.057398447321866,0.5230684176247029,5,False
252,25.310000000001157,3.319133152730533,-15.77190754112438,3.8511934587700747,5.631513905254878,-0.128,0.12591525316238403,5.561886191368103,False,0.12386320324832335,0.0,0.12386320324832335,30.206261650570163,19.18126165057019,0.5251236911731937,5,False
253,25.410000000001173,2.9344298293165467,-16.176475559253277,3.6732275077096914,5.570330417605198,0.128,-0.039387890696525575,5.835195988416672,True,0.1672963745837521,0.075,0.0922963745837521,30.373558025153915,19.273558025153942,0.5275685801524705,5,False
254,25.510000000001188,2.4937228235201183,-16.525082922935674,3.76906442976509,5.672473577369252,-0.064,0.13227449655532839,4.909014910459518,False,0.09891428734902616,0.0,0.09891428734902616,30.47247231250294,19.372472312502968,0.5294943294943486,5,False
255,25.610000000001204,2.065270936618212,-16.83764475596912,3.7656316275349586,5.018213351701163,0.128,0.12375941276550294,4.807108551263809,True,0.11320488975816395,0.075,0.038204889758163954,30.585677202261106,19.41067720226113,0.5314943595501992,5,False
256,25.71000000000122,1.6827386151638082,-17.14439944941587,3.9239422032963134,4.83271066563925,0.128,-0.013616165518760681,5.4254642724990845,False,0.1432744886420222,0.0,0.1432744886420222,30.728951690903127,19.55395169090315,0.5335526244741846,5,False
257,25.810000000001235,1.330567764363326,-17.491211433828845,4.018774836441161,5.061301064084427,0.0,0.13836795091629028,5.561135619878769,True,0.06183868708502675,0.075,-0.013161312914973244,30.790790377988152,19.540790377988177,0.5357252659577187,5,False
258,25.91000000000125,0.9886731304109413,-17.877014959989058,4.0396399000675585,5.254058018986792,0.128,-0.10976073741912842,4.527538701891899,False,0.14458734300915965,0.0,0.14458734300915965,30.935377720997312,19.685377720997337,0.5378114923678718,5,False
259,26.010000000001266,0.6930255441680522,-18.267099624992195,4.207500290633488,4.628301199796304,-0.128,-0.22080211639404299,3.2076834179461002,True,0.02859820723817183,0.075,-0.04640179276182817,30.963975928235485,19.63897592823551,0.5395190376685178,5,False
260,26.110000000001282,0.45210396431057603,-18.611149160602626,4.090389795770132,3.677301199796302,-0.192,-0.2681095361709595,4.551228269934654,False,0.18318664696243656,0.0,0.18318664696243656,31.14716257519792,19.822162575197947,0.5409829076466152,5,False
261,26.210000000001298,0.19990604084114458,-18.900378504832403,3.865704599444668,4.014323758348511,-0.256,-0.15471004247665407,3.50609724491369,True,0.06258773966386227,0.075,-0.012412260336137723,31.209750314861783,19.80975031486181,0.5425275318111585,5,False
262,26.310000000001313,-0.09684670489463754,-19.127026146242773,3.5767354316690505,3.5679676585767774,-0.128,-0.08504457473754884,4.127701133489609,False,0.12183919068161031,0.0,0.12183919068161031,31.33158950554339,19.931589505543418,0.544072308552122,5,False
263,26.41000000000133,-0.4293785977638498,-19.282196774672542,3.4703372552676774,3.783824123341711,-0.064,-0.25274693965911865,3.2285813093185425,True,0.06420619718491896,0.075,-0.010793802815081036,31.39579570272831,19.920795702728338,0.5453535397158096,5,False
264,26.510000000001344,-0.7617653391614646,-19.387492280382737,3.3352539795321183,3.29749295096316,-0.256,-0.16131720542907715,4.572558611631393,False,0.18035930566627517,0.0,0.18035930566627517,31.576155008394586,20.101155008394613,0.5468306286945502,5,False
265,26.61000000000136,-1.1125920558069553,-19.43035902288943,3.1685568277045433,3.7892112029363383,-0.192,-0.014528290927410127,4.465266302227974,True,0.16338203849371402,0.075,0.08838203849371402,31.7395370468883,20.189537046888326,0.5484490737666471,5,False
266,26.710000000001376,-1.5040528694383304,-19.424453410104523,3.046369961155015,4.04992611505076,0.0,0.017708365619182587,4.565005511045456,False,0.15654916625548954,0.0,0.15654916625548954,31.896086213143793,20.346086213143817,0.5501302409510569,5,False
267,26.81000000000139,-1.9174959428779763,-19.39203541894097,3.0432980337876567,4.248562113210398,0.0,0.08823366165161134,4.680547773838043,True,0.12995586460650455,0.075,0.05495586460650455,32.0260420777503,20.401042077750322,0.5519391862915697,5,False
268,26.910000000001407,-2.3490694764041593,-19.35683214627062,3.08355535878821,4.415153717449809,0.064,-0.05383691787719727,4.902727663516998,False,0.14063224007152736,0.0,0.14063224007152736,32.16667431782182,20.54167431782185,0.553835383253344,5,False
269,27.010000000001423,-2.799337075909941,-19.33676751302612,3.1255940193542933,4.603182472253054,-0.064,-0.050895202159881595,4.6286551505327225,True,0.1622382649340704,0.075,0.0872382649340704,32.32891258275589,20.628912582755923,0.5557999713563176,5,False
270,27.11000000000144,-3.2596896137257065,-19.316671801107898,3.0713967491642546,4.61300579447333,-0.064,-0.04355360269546509,4.7765683233737946,False,0.14422616550266903,0.0,0.14422616550266903,32.473138748258556,20.773138748258592,0.5577929063124077,5,False
271,27.210000000001454,-3.7225846163538736,-19.27995004488453,3.0140872158428675,4.676082295770604,-0.064,-0.0035028040409088137,4.658520057797432,True,0.14657750055771124,0.075,0.07157750055771124,32.61971624881627,20.844716248816304,0.559744281077002,5,False
272,27.31000000000147,-4.185467984180125,-19.22095932030844,2.9693521503096107,4.660649949795843,0.0,-0.14881651401519777,5.99249666929245,False,0.050780940741667197,0.0,0.050780940741667197,32.670497189557935,20.89549718955797,0.5618290541556129,5,False
273,27.410000000001485,-4.669767830822498,-19.138986931029915,2.9340245202519997,5.174265335268515,-0.128,-0.14405814409255982,5.953633248806,True,0.05469890047048656,0.075,-0.020301099529513436,32.72519609002842,20.875196090028457,0.5639031400858567,5,False
274,27.5100000000015,-5.186524223313279,-19.012722348041112,2.7910226861986898,5.474821957495948,-0.128,-0.2000736713409424,5.998257160186768,False,0.07231964365187041,0.0,0.07231964365187041,32.79751573368029,20.947515733680326,0.566235224703492,5,False
275,27.610000000001516,-5.708120630898624,-18.817641474255975,2.6079332005453186,5.676680301601511,-0.192,-0.12606507539749146,5.723037034273148,True,0.11978855528617126,0.075,0.04478855528617126,32.91730428896646,20.992304288966498,0.568621981249221,5,False
276,27.710000000001532,-6.199547616654367,-18.53319284993619,2.3792146811784605,5.694557382178318,-0.128,0.04564152359962464,5.999999850988388,False,0.08670669894010262,0.0,0.08670669894010262,33.00401098790657,21.0790109879066,0.570864619123672,5,False
277,27.810000000001548,-6.640951039712523,-18.1651401881373,2.277039597446801,5.812348678324548,0.064,0.10975180864334107,6.0,True,0.11199607873584733,0.075,0.03699607873584733,33.11600706664242,21.116007066642446,0.5733209420867783,10,False
278,27.910000000001563,-7.058445349880136,-17.755686837287122,2.375756737799734,5.884714818140714,0.128,0.19791465997695923,6.0,True,0.11976410453298886,0.075,0.04476410453298886,33.23577117117541,21.160771171175433,0.575828418805439,10,False
279,28.01000000000158,-7.498989695545396,-17.36273445351999,2.5827380734269236,5.929173570227684,0.192,0.13138906955718996,6.0,True,0.15516965035477248,0.075,0.08016965035477248,33.39094082153018,21.240940821530206,0.5783355636771301,5,False
280,28.110000000001595,-7.998793533134197,-17.04291414276925,2.843727860407987,5.956487181844276,0.128,-0.11077144145965577,6.0,False,0.19578538007805227,0.0,0.19578538007805227,33.58672620160823,21.43672620160826,0.580806979974431,5,False
281,28.21000000000161,-8.552821687316884,-16.82394325397531,2.9915987136018645,5.9732675309211585,-0.128,-0.10192826986312867,5.851731061935425,True,0.1670456838768163,0.075,0.09204568387681629,33.753771885485044,21.528771885485074,0.5832682584224786,5,False
282,28.310000000001626,-9.121177588298144,-16.66280359956133,2.8723219427810207,5.8664706158125215,-0.128,-0.2856539011001587,5.99995693564415,False,0.17223928756633436,0.0,0.17223928756633436,33.92601117305138,21.70101117305141,0.5857376167712826,5,False
283,28.41000000000164,-9.6809930571153,-16.48028456632045,2.6487323656168753,5.917948482305721,-0.256,-0.33086585998535156,5.999929517507553,True,0.1484203291089024,0.075,0.07342032910890241,34.07443150216028,21.77443150216031,0.5882434776027413,1,False
284,28.510000000001657,-10.197694655001968,-16.192165513269682,2.252022954268516,5.94956377284948,-0.32000000000000006,0.02276800721883774,5.999957829713821,False,0.1984764669815105,0.0,0.1984764669815105,34.27290796914179,21.972907969141822,0.5905943619070972,1,False
285,28.610000000001673,-10.599072214338806,-15.755680101651445,1.8337212644694416,5.968997813240925,-0.064,0.282740044593811,6.0,False,0.180155884362189,0.0,0.180155884362189,34.45306385350398,22.153063853504012,0.5927065710220611,1,False
286,28.71000000000169,-10.861080176316522,-15.219864376836123,1.7887463964670776,5.9809535434834995,0.256,0.282740044593811,6.0,False,0.1961607097192331,0.0,0.1961607097192331,34.64922456322321,22.349224563223245,0.5945297797408772,1,False
287,28.810000000001704,-11.09072094456448,-14.667413364070113,2.143030069855539,5.988298647813004,0.256,0.282740044593811,6.0,False,0.1985932521850387,0.0,0.1985932521850387,34.84781781540825,22.547817815408283,0.5967198891815022,1,False
288,28.91000000000172,-11.417864092765203,-14.167829171120223,2.559710959709786,5.992811174987563,0.256,0.282740044593811,6.0,False,0.18440339241779932,0.0,0.18440339241779932,35.03222120782605,22.732221207826083,0.5998118238272011,1,False
289,29.010000000001735,-11.885157370397794,-13.797343241295966,2.9536684734339542,5.99558348435005,0.256,0.282740044593811,6.0,False,0.1546415191414821,0.0,0.1546415191414821,35.18686272696753,22.886862726967564,0.6021955146240316,1,False
290,29.11000000000175,-12.453803295765196,-13.61817082959527,3.33603626152327,5.997286676132398,0.256,0.282740044593811,6.0,False,0.1080302212513569,0.0,0.1080302212513569,35.29489294821889,22.994892948218922,0.6038692563648917,1,False
291,29.210000000001767,-13.04858536480111,-13.660201156046716,3.715312306234641,5.9983330464569775,0.256,0.282740044593811,6.0,False,0.058176201047509035,0.0,0.058176201047509035,35.353069149266396,23.05306914926643,0.6052805215484837,1,False
292,29.310000000001782,-13.58594167484511,-13.918778416353575,4.094110735861374,5.998975892945265,0.256,0.282740044593811,6.0,False,0.03540286875958146,0.0,0.03540286875958146,35.38847201802598,23.088472018026014,0.6061178447680721,1,False
293,29.340000000001787,-13.989765986538394,-14.357635435763397,4.472954589635877,5.999370831140466,0.256,0.282740044593811,6.0,True,-1,0.075,-1.075,34.38847201802598,22.013472018026015,0.6061435778588575,1,False
